3 29 10 1
26 7 22 1
6 3 410 1
7 23 657 1
16 18 724 0
18 16 750 1
29 7 1049 1
2 20 1177 1
12 23 1364 1
14 24 1660 0
2 27 1850 1
16 24 1876 0
18 30 2693 0
10 22 3535 1
15 21 4071 1
11 22 4337 1
20 18 4878 1
13 22 4985 1
19 14 5480 1
11 21 5704 1
12 17 5999 0
15 22 6525 1
9 21 6892 1
19 13 7041 1
15 7 7059 0
20 23 7245 0
29 9 7292 1
19 6 7301 1
11 24 7419 0
16 21 7513 1
2 31 7632 1
14 15 7633 1
27 13 7864 1
17 21 7884 1
13 7 7895 0
11 5 7931 1
15 8 8000 0
13 25 8528 0
12 25 8604 0
12 22 8734 1
24 12 8756 1
17 24 9145 0
12 5 9292 1
13 18 9382 0
19 24 9393 0
19 17 9417 1
18 24 9703 0
13 17 9922 0
14 5 10519 1
11 17 10528 0
17 6 10669 1
13 8 10689 0
17 25 10746 0
19 23 10885 0
15 18 10940 0
18 7 10990 1
14 25 11207 0
14 8 11397 0
13 5 11618 1
14 22 11660 1
12 8 11829 0
11 8 11857 0
14 13 11992 0
10 16 12023 0
10 21 12091 1
13 23 12123 1
14 10 12381 1
12 7 12715 0
24 31 12726 1
15 24 12759 0
16 25 12864 0
15 5 13121 1
20 24 13291 0
16 8 13473 0
14 7 13626 0
16 16 13754 1
14 18 13816 0
16 24 13819 0
21 19 13874 1
21 22 13879 0
11 25 13992 0
13 15 14250 1
18 17 14940 1
13 25 14950 0
10 7 15013 0
20 18 15158 1
12 18 15250 0
14 23 15375 1
18 24 15379 0
11 7 15525 0
20 17 15665 1
12 25 15707 0
15 16 15820 1
8 16 15951 0
11 22 16067 1
9 7 16079 0
12 23 16087 1
20 23 16099 0
12 24 16171 0
18 19 16213 0
15 22 16256 1
10 22 16263 1
16 5 16313 1
18 16 16326 1
13 18 16350 0
9 23 16448 0
9 16 16548 0
10 17 16742 0
19 7 16752 1
17 7 16808 1
15 8 16866 0
15 10 16916 1
8 19 16960 1
1 19 16968 1
16 19 16972 0
10 13 17039 1
10 13 17040 1
11 5 17050 1
16 6 17217 1
11 23 17240 1
19 20 17346 0
21 13 17365 1
19 18 17380 1
14 16 17426 1
10 5 17441 1
12 17 17487 0
17 19 17723 0
17 18 17743 0
13 19 17907 0
16 12 17908 0
8 15 17950 0
16 18 17961 0
19 24 18217 0
17 16 18235 1
11 13 18299 1
17 17 18334 1
19 17 18335 1
21 23 18335 0
12 5 18338 1
17 24 18370 0
18 15 18389 1
11 17 18450 0
15 13 18549 0
13 8 18767 0
9 21 18879 1
10 8 18938 0
14 8 18987 0
15 25 18999 0
13 23 19033 1
21 13 19120 1
16 22 19195 1
15 9 19320 0
15 23 19327 1
12 8 19365 0
21 18 19403 1
8 30 19485 1
12 21 19597 1
11 8 19691 0
15 18 19752 0
14 5 19785 1
17 6 20018 1
15 24 20048 0
14 17 20108 0
8 23 20117 0
9 20 20136 1
14 13 20151 0
13 25 20162 0
17 25 20202 0
13 5 20221 1
13 22 20345 1
17 22 20371 1
11 25 20371 0
15 6 20484 1
14 25 20538 0
18 22 20720 1
21 19 20741 1
12 25 20772 0
14 15 20794 1
18 24 20801 0
14 11 20876 1
12 11 20892 1
18 7 20992 1
18 20 20992 0
9 14 20997 1
17 12 21141 0
16 16 21289 1
20 18 21406 1
14 19 21474 0
16 19 21488 0
13 18 21529 0
12 6 21557 1
15 16 21563 1
19 22 21606 1
18 8 21649 1
12 18 21651 0
10 24 21671 0
15 5 21792 1
12 22 21858 1
10 17 21918 0
18 17 21934 1
8 20 21980 1
16 6 21981 1
12 12 21996 1
11 12 22010 1
9 17 22112 0
18 25 22165 0
12 23 22326 1
16 23 22334 1
11 24 22363 0
22 19 22369 1
20 24 22381 0
17 11 22424 0
20 23 22447 0
14 16 22471 1
16 24 22491 0
14 18 22546 0
13 8 22626 0
16 17 22822 1
17 17 22848 1
11 5 22848 1
19 18 22893 1
14 23 22941 1
17 19 22945 0
9 13 22986 1
11 17 22995 0
8 14 22998 1
17 7 23015 1
10 22 23023 1
16 25 23062 0
9 24 23080 0
15 13 23110 0
11 18 23212 0
14 8 23230 0
13 14 23286 0
10 13 23371 1
12 13 23379 1
1 16 23423 1
11 23 23490 1
14 6 23690 1
13 11 23695 1
3 22 23698 1
11 22 23700 1
8 16 23701 0
20 19 23713 1
15 8 23775 0
11 13 23816 1
11 8 23919 0
13 6 23989 1
13 16 24016 1
16 13 24055 0
12 8 24080 0
13 19 24242 0
18 19 24292 0
10 8 24313 0
8 17 24315 0
19 24 24603 0
17 20 24604 0
13 12 24652 1
18 18 24692 1
10 16 24704 0
14 13 24721 0
17 24 24737 0
15 11 24769 1
15 6 24828 1
8 13 24865 1
10 14 24901 1
18 9 24954 1
14 22 25068 1
15 19 25101 0
13 25 25150 0
14 25 25168 0
11 6 25180 1
15 25 25200 0
12 25 25200 0
12 6 25349 1
14 10 25369 1
13 23 25377 1
21 23 25386 0
17 25 25435 0
11 25 25487 0
9 23 25526 0
17 23 25532 1
19 20 25573 0
10 17 25613 0
18 24 25817 0
9 16 25858 0
13 8 26128 0
15 16 26130 1
14 11 26151 1
16 19 26152 0
21 19 26174 1
18 22 26191 1
21 20 26258 1
19 18 26284 1
18 11 26306 0
9 22 26355 1
16 6 26409 1
17 6 26411 1
11 26 26412 0
12 9 26441 0
17 15 26513 1
17 22 26519 1
16 17 26611 1
18 17 26612 1
14 16 26622 1
13 18 26634 0
12 23 26652 1
12 5 26672 1
12 18 26673 0
17 17 26719 1
19 17 26723 1
20 19 26723 1
4 19 26726 1
20 24 26780 0
18 20 26812 0
16 23 26843 1
10 25 26865 0
15 13 26882 0
9 17 26884 0
18 25 26887 0
17 12 26916 0
14 19 27025 0
12 19 27138 0
14 8 27200 0
14 6 27265 1
13 6 27288 1
9 14 27291 1
13 5 27334 1
8 23 27389 0
15 6 27397 1
16 12 27465 0
15 9 27479 0
16 25 27498 0
15 22 27517 1
17 19 27524 0
11 23 27546 1
10 24 27556 0
11 17 27578 0
15 23 27643 1
14 5 27659 1
16 26 27666 0
12 6 27749 1
13 16 27800 1
11 13 27818 1
14 23 27903 1
9 21 27961 1
8 22 27965 0
12 8 27995 0
11 8 28003 0
14 9 28007 0
20 18 28012 1
17 7 28014 1
16 5 28027 1
10 5 28032 1
9 24 28068 0
15 17 28089 1
17 20 28201 0
14 26 28288 0
13 9 28302 0
19 25 28303 0
13 19 28327 0
14 14 28342 0
8 21 28353 1
19 24 28374 0
17 25 28459 0
11 18 28641 0
21 24 28642 0
16 13 28646 0
13 26 28679 0
12 12 28728 1
15 26 28809 0
22 20 28843 1
18 18 28878 1
11 6 28889 1
16 9 28895 0
18 8 28946 1
19 8 28958 1
11 9 29077 0
18 7 29144 1
15 19 29144 0
14 12 29157 1
16 22 29176 1
10 18 29286 0
10 17 29295 0
16 7 29355 1
16 20 29363 0
13 14 29377 0
15 25 29406 0
8 17 29445 0
16 19 29452 0
18 23 29462 1
10 8 29504 0
10 14 29586 1
13 23 29597 1
11 25 29622 0
15 8 29647 0
17 8 29658 1
10 22 29676 1
21 23 29684 0
12 24 29702 1
12 6 29724 1
12 26 29738 1
12 26 29739 0
20 24 29745 0
16 17 29761 1
14 17 29771 1
20 23 29772 0
21 20 29903 1
13 12 29918 1
19 18 29935 1
13 6 30085 1
17 23 30090 1
20 19 30094 1
11 26 30230 0
18 25 30272 0
12 9 30284 0
13 24 30313 1
12 18 30345 0
8 14 30379 1
1 21 30385 1
13 8 30391 0
14 25 30434 0
13 11 30451 1
14 6 30483 1
14 16 30505 1
15 6 30684 1
16 6 30685 1
14 19 30716 0
9 17 30757 0
12 25 30770 0
16 16 30803 1
15 16 30809 1
9 22 30810 1
15 9 30812 0
17 25 30819 0
14 14 30820 0
12 19 30861 0
14 11 30942 1
16 25 30986 0
10 23 31038 1
16 23 31056 1
13 19 31057 0
18 20 31098 0
15 13 31120 0
15 14 31147 0
17 20 31178 0
14 8 31203 0
13 9 31248 0
21 22 31249 0
10 25 31271 0
12 23 31291 1
14 26 31333 0
14 9 31417 0
19 25 31423 0
11 14 31427 1
21 19 31434 1
10 13 31468 1
15 23 31469 1
21 13 31478 0
13 26 31513 0
11 23 31648 1
27 23 31649 1
11 13 31708 1
11 6 31794 1
15 17 31803 1
20 25 31804 0
18 18 31905 1
11 18 31947 0
17 18 31951 1
18 17 31962 1
13 14 31965 0
32 8 31973 1
17 13 32008 0
17 12 32023 0
13 16 32049 1
16 7 32065 1
8 23 32121 0
12 26 32130 0
19 22 32149 1
9 18 32157 0
10 18 32159 0
14 18 32266 0
15 25 32278 0
16 14 32332 0
14 20 32409 0
9 9 32418 0
11 26 32445 0
7 23 32466 0
9 14 32478 1
17 7 32479 1
18 25 32493 0
9 24 32519 0
12 6 32534 1
10 6 32557 1
14 23 32565 1
15 19 32579 0
16 26 32585 0
11 9 32598 0
16 17 32661 1
8 20 32713 1
16 13 32753 0
12 8 32760 0
13 6 32861 1
16 20 32873 0
15 20 32897 0
18 23 32942 1
20 24 33006 0
14 12 33085 1
15 26 33122 0
9 25 33123 0
12 9 33126 0
19 24 33166 0
12 24 33186 1
13 20 33217 0
10 14 33265 1
12 13 33303 1
17 25 33339 0
8 24 33349 0
13 19 33350 0
17 20 33358 0
21 20 33385 1
19 18 33450 1
8 17 33504 0
14 24 33535 1
10 9 33571 0
20 19 33595 1
13 24 33627 1
14 6 33635 1
19 21 33638 0
14 14 33643 0
14 17 33645 1
13 18 33676 0
10 26 33677 0
17 23 33704 1
13 9 33720 0
17 22 33728 1
15 11 33754 1
21 23 33756 0
13 26 33787 0
17 26 33810 0
17 11 33871 0
12 19 33923 0
17 8 33928 1
15 14 33956 0
14 9 33960 0
14 19 33967 0
10 17 33975 0
21 24 34038 0
18 8 34109 1
19 25 34120 0
11 19 34137 0
12 26 34139 0
15 5 34159 1
8 15 34238 1
16 24 34246 1
14 7 34347 1
14 26 34383 0
8 21 34423 1
15 6 34435 1
10 23 34450 1
10 18 34455 0
10 18 34455 1
16 25 34456 0
16 7 34469 1
11 14 34618 1
16 18 34619 1
13 12 34674 1
10 25 34707 0
11 8 34737 0
13 23 34767 1
16 23 34774 1
22 23 34774 0
15 9 34783 0
18 25 34786 0
17 17 34894 1
11 18 34907 0
11 17 34939 0
16 19 34945 0
19 19 34957 1
18 18 34995 1
15 7 35023 1
11 26 35042 0
15 17 35247 1
31 1 35310 1
13 7 35310 1
12 27 35360 0
17 18 35363 1
10 21 35367 1
7 20 35378 1
9 18 35381 0
9 22 35417 1
20 20 35493 1
12 9 35496 0
13 9 35521 0
11 6 35522 1
16 26 35523 0
11 9 35532 0
16 20 35549 0
16 17 35568 1
15 24 35572 1
15 26 35625 0
17 21 35639 0
17 13 35643 0
13 6 35678 1
14 20 35687 0
12 7 35752 1
11 23 35765 1
12 12 35776 1
17 20 35816 0
21 18 35817 1
15 19 35901 0
14 24 35970 1
12 26 35975 0
11 13 36005 1
14 9 36017 0
15 14 36070 0
18 20 36076 0
14 17 36117 1
15 25 36148 0
12 24 36176 1
15 20 36183 0
12 6 36207 1
16 14 36215 0
20 25 36248 0
20 24 36271 0
11 7 36326 1
13 19 36327 0
14 12 36360 1
12 18 36468 0
14 7 36472 1
14 26 36474 0
19 25 36486 0
13 26 36494 0
12 10 36515 0
13 15 36534 0
9 17 36545 0
18 23 36563 1
15 23 36573 1
14 27 36636 0
13 24 36750 1
12 19 36816 0
18 12 36822 0
16 18 36850 1
21 21 36855 1
17 26 36861 0
16 24 36917 1
11 24 36919 1
10 14 36919 1
13 20 36921 0
21 20 36925 1
18 9 36925 1
7 15 36973 1
11 19 36996 0
13 13 37007 1
12 20 37058 0
17 23 37092 1
10 18 37092 0
16 13 37102 0
21 24 37143 0
16 7 37197 1
14 14 37205 0
18 6 37241 1
14 6 37242 1
18 25 37243 0
11 26 37291 0
11 14 37380 1
12 13 37393 1
13 7 37418 1
17 8 37445 1
17 8 37445 1
11 27 37506 0
12 7 37546 1
11 18 37548 0
18 21 37558 0
16 8 37604 1
17 12 37604 0
10 6 37606 1
19 9 37618 1
8 22 37630 1
10 9 37632 0
10 26 37659 0
14 10 37664 0
8 24 37686 0
9 14 37724 1
20 19 37742 1
19 19 37745 1
16 26 37816 0
18 26 37849 0
10 15 37868 1
12 9 37893 0
12 14 37901 1
16 20 37935 0
15 12 37955 1
10 12 37969 1
15 7 38022 1
17 7 38028 1
12 23 38037 1
15 16 38055 1
9 25 38056 0
13 9 38069 0
8 18 38074 0
13 10 38097 0
15 9 38124 0
13 17 38152 1
9 15 38174 1
15 24 38178 1
9 23 38238 1
12 27 38242 0
31 8 38253 1
9 18 38263 0
14 7 38265 1
26 1 38289 1
27 0 38327 1
19 26 38376 0
18 18 38406 1
11 9 38425 0
20 20 38431 1
14 20 38439 0
14 23 38441 1
15 26 38451 0
17 21 38474 0
11 7 38476 1
17 9 38498 1
17 18 38530 1
12 26 38535 0
15 14 38592 0
14 15 38666 0
15 17 38677 1
17 13 38729 0
9 13 38757 1
10 24 38764 1
19 25 38861 0
5 29 38884 1
14 9 38903 0
9 6 38919 1
14 24 38963 1
14 17 39040 1
15 20 39060 0
16 14 39061 0
14 12 39079 1
20 25 39102 0
14 27 39137 0
15 27 39145 0
16 18 39158 1
11 15 39202 1
12 24 39204 1
13 7 39232 1
19 21 39258 0
17 26 39282 0
12 10 39322 0
12 7 39323 1
13 25 39325 1
17 27 39358 0
18 11 39399 0
18 19 39416 1
21 19 39419 1
13 12 39432 1
14 21 39434 0
14 26 39465 0
19 23 39497 1
14 19 39514 0
16 24 39517 1
9 26 39580 0
16 6 39581 1
11 19 39584 0
9 21 39611 1
15 10 39628 0
12 25 39645 1
10 23 39728 1
15 21 39785 0
16 8 39791 1
8 15 39814 1
16 15 39828 0
16 21 39854 0
8 25 39905 0
13 24 39908 1
21 25 39921 0
12 27 39948 0
10 7 39954 1
16 17 39961 1
7 21 39978 1
16 26 39984 0
13 20 39991 0
13 6 40078 1
15 18 40088 1
17 20 40143 0
17 14 40155 0
10 19 40156 0
16 27 40175 0
13 10 40197 0
12 20 40199 0
16 7 40218 1
11 27 40222 0
10 18 40226 0
18 26 40250 0
12 19 40253 0
11 14 40292 1
20 18 40300 1
1 18 40307 1
19 18 40308 1
11 10 40308 0
15 7 40310 1
14 10 40405 0
14 7 40421 1
10 10 40508 0
10 25 40511 0
10 26 40541 0
18 23 40546 1
17 23 40561 1
21 24 40561 0
14 18 40583 1
21 23 40593 0
13 13 40608 1
11 7 40656 1
11 24 40662 1
18 24 40665 1
8 21 40673 1
12 9 40760 0
17 21 40783 0
21 21 40789 1
11 18 40794 0
15 24 40803 1
19 26 40819 0
13 26 40834 0
4 26 40845 1
19 19 40845 1
13 27 40855 0
16 23 40862 1
15 26 40898 0
13 14 40906 1
13 15 40908 0
15 12 40921 1
22 20 40935 1
15 19 40976 0
17 8 41001 1
10 15 41012 1
11 26 41024 0
14 15 41067 0
18 21 41069 0
12 10 41177 0
14 27 41184 0
14 20 41239 0
20 20 41240 1
12 7 41241 1
17 18 41248 1
16 18 41250 1
15 15 41268 0
17 9 41297 1
9 18 41312 0
13 25 41321 1
20 25 41321 0
9 19 41323 0
11 19 41334 0
13 16 41351 0
10 14 41356 1
11 6 41361 1
17 24 41383 1
12 27 41387 0
17 13 41397 0
15 14 41420 0
21 20 41450 1
13 7 41499 1
9 25 41589 0
12 14 41620 1
13 9 41623 0
18 13 41633 0
18 12 41662 0
18 8 41706 1
15 20 41711 0
13 17 41721 1
14 13 41747 1
17 26 41757 0
18 9 41784 1
13 21 41845 0
10 9 41886 0
13 10 41913 0
16 14 41984 0
11 15 42003 1
9 23 42008 1
14 24 42080 1
10 24 42093 1
8 22 42095 1
14 17 42129 1
16 8 42155 1
12 26 42168 0
19 20 42177 1
15 27 42209 0
8 18 42248 0
15 18 42263 1
15 8 42263 1
9 15 42268 1
18 26 42270 0
17 27 42303 0
13 20 42305 0
14 12 42312 1
14 21 42334 0
14 10 42337 0
12 13 42343 1
18 19 42357 1
12 24 42390 1
19 25 42419 0
12 25 42484 1
12 20 42490 0
15 21 42500 0
16 26 42538 0
16 27 42557 0
18 22 42560 0
13 18 42563 1
11 27 42569 0
16 15 42571 0
16 21 42646 0
16 24 42649 1
14 7 42670 1
30 10 42702 1
11 10 42751 0
15 7 42790 1
15 10 42848 0
10 19 42859 0
19 26 42903 0
15 17 42927 1
14 27 42945 0
13 27 42957 0
11 19 42968 0
12 10 43001 0
11 8 43025 1
11 7 43092 1
10 7 43104 1
17 21 43104 0
12 8 43153 1
12 27 43183 0
10 27 43192 0
18 24 43193 1
14 15 43200 0
17 22 43218 0
14 25 43221 1
13 25 43231 1
14 9 43257 0
9 16 43283 1
14 18 43294 1
14 8 43317 1
11 20 43392 0
20 25 43398 0
15 15 43452 0
9 7 43456 1
12 7 43457 1
10 10 43459 0
13 14 43473 1
13 13 43529 1
17 14 43538 0
8 16 43545 1
22 21 43569 1
20 21 43579 1
13 10 43612 0
9 26 43632 0
19 22 43760 0
10 15 43813 1
13 16 43833 0
10 26 43879 0
11 23 43880 1
13 8 43894 1
12 21 43910 0
18 27 43937 0
21 25 43943 0
11 14 43944 1
9 19 43953 0
12 15 43968 1
13 19 44017 0
16 18 44021 1
8 25 44092 0
13 7 44168 1
17 9 44174 1
10 8 44215 1
19 20 44217 1
20 26 44305 0
17 13 44374 0
11 15 44383 1
16 20 44406 0
20 20 44436 1
18 26 44436 0
14 10 44441 0
14 13 44453 1
17 27 44470 0
15 8 44500 1
16 27 44540 0
15 27 44554 0
17 26 44563 0
15 18 44576 1
11 24 44584 1
15 24 44611 1
19 26 44638 0
10 16 44701 1
14 20 44704 0
14 21 44706 0
15 20 44727 0
12 20 44738 0
12 14 44743 1
21 21 44762 1
18 18 44763 1
16 19 44858 1
15 21 44860 0
16 8 44874 1
14 16 44889 0
18 21 44896 0
14 27 44899 0
13 21 44900 0
11 8 44903 1
12 8 44905 1
14 6 44924 1
12 25 44924 1
16 15 44925 0
12 19 44927 0
12 11 44952 0
13 27 44979 0
17 18 44988 1
17 24 44993 1
14 28 45014 0
18 24 45064 1
17 8 45070 1
12 10 45072 0
11 10 45075 0
19 19 45123 1
20 19 45130 1
16 21 45130 0
22 25 45152 0
11 25 45153 1
10 19 45153 0
11 27 45187 0
12 27 45196 0
18 20 45215 1
13 20 45231 0
8 19 45258 0
13 18 45261 1
15 13 45280 1
14 15 45326 0
18 19 45339 1
13 10 45415 0
14 8 45445 1
17 19 45445 1
14 8 45446 1
16 14 45465 0
15 15 45498 0
15 25 45505 1
9 25 45513 0
13 11 45519 0
19 27 45535 0
13 24 45582 1
11 11 45615 0
11 19 45632 0
14 18 45668 1
21 17 45694 1
9 18 45731 0
18 13 45790 0
14 25 45812 1
18 22 45829 0
21 26 45835 0
18 10 45836 1
20 25 45838 0
9 23 45854 1
13 8 45906 1
17 22 45939 0
11 7 45974 1
13 28 45999 0
11 20 46095 0
9 16 46136 1
19 16 46139 1
18 27 46143 0
15 12 46148 1
15 16 46157 0
21 24 46168 0
22 24 46178 0
16 24 46199 1
20 21 46236 1
15 10 46277 0
9 15 46299 1
13 14 46300 1
17 14 46314 0
10 24 46315 1
16 27 46337 0
15 8 46361 1
19 20 46364 1
19 26 46397 0
17 28 46530 0
10 15 46534 1
17 15 46536 0
12 7 46583 1
15 7 46588 1
12 8 46588 1
11 8 46592 1
14 16 46725 0
21 25 46745 0
15 27 46747 0
20 26 46816 0
12 28 46830 0
18 9 46864 1
17 27 46876 0
22 23 46927 0
10 8 46932 1
12 15 46936 1
15 22 46938 0
16 28 46951 0
18 26 46959 0
12 20 46962 0
9 19 47029 0
17 25 47033 1
9 24 47035 1
9 26 47037 0
10 27 47064 0
13 13 47098 1
8 22 47102 1
9 22 47130 1
16 15 47131 0
14 14 47134 1
16 7 47135 1
13 27 47165 0
16 12 47168 1
13 21 47173 0
15 21 47179 0
12 11 47185 0
12 21 47187 0
20 27 47197 0
11 15 47230 1
15 18 47242 1
14 13 47283 1
9 17 47290 1
18 17 47301 1
10 16 47332 1
14 10 47351 0
17 21 47357 0
18 24 47381 1
16 22 47386 0
16 19 47433 1
17 9 47443 1
11 10 47445 0
21 22 47462 1
8 16 47465 1
11 16 47470 1
13 11 47470 0
10 25 47557 1
10 19 47562 0
16 9 47577 1
14 28 47602 0
10 20 47606 0
18 27 47657 0
14 21 47702 0
13 26 47719 1
14 8 47720 1
12 25 47750 1
17 17 47751 1
16 17 47775 1
16 21 47793 0
14 27 47813 0
19 27 47814 0
14 11 47819 0
15 15 47841 0
18 20 47898 1
13 8 47915 1
10 7 47922 1
11 25 47924 1
16 25 47941 1
13 18 47945 1
8 14 48028 1
15 13 48042 1
17 19 48140 1
16 27 48215 0
13 16 48233 0
15 25 48265 1
13 25 48266 1
14 18 48266 1
15 28 48289 0
11 27 48290 0
12 10 48294 0
13 10 48305 0
16 8 48314 1
15 16 48320 0
17 22 48328 0
11 11 48372 0
13 28 48397 0
8 26 48398 0
15 8 48433 1
11 8 48435 1
18 19 48476 1
11 28 48477 0
14 25 48552 1
12 8 48556 1
11 20 48559 0
14 16 48593 0
19 26 48662 0
17 24 48692 1
18 13 48757 0
16 16 48758 0
20 21 48768 1
20 26 48776 0
18 22 48796 0
14 19 48803 1
9 16 48810 1
12 14 48824 1
21 26 48850 0
15 27 48865 0
17 20 48969 1
17 14 48999 0
11 19 49005 0
19 20 49044 1
21 21 49066 1
14 26 49072 1
19 22 49101 0
12 24 49191 1
15 24 49204 1
17 10 49205 1
17 28 49207 0
20 20 49208 1
8 15 49217 1
12 28 49229 0
18 14 49253 0
12 11 49283 0
17 27 49323 0
13 11 49349 0
17 15 49351 0
14 28 49354 0
18 27 49388 0
9 20 49404 0
12 15 49416 1
17 25 49451 1
16 15 49454 0
21 25 49456 0
10 22 49462 1
13 14 49522 1
16 22 49557 0
14 11 49557 0
16 18 49589 1
15 11 49590 0
10 15 49595 1
13 21 49607 0
19 21 49658 1
10 16 49669 1
15 26 49775 1
11 16 49822 1
19 27 49831 0
10 10 49846 0
12 26 49864 1
14 22 49899 0
8 17 49919 1
8 23 49920 1
15 21 49927 0
14 14 49931 1
10 20 49946 0
12 21 49983 0
12 20 50072 0
9 17 50078 1
13 26 50095 1
15 16 50112 0
13 20 50117 0
10 6 50184 1
16 19 50210 1
15 22 50216 0
10 19 50222 0
22 25 50226 0
16 9 50227 1
9 14 50231 1
11 15 50250 1
18 15 50255 0
13 28 50257 0
14 9 50263 1
10 11 50315 0
16 28 50317 0
9 24 50338 1
11 11 50355 0
14 8 50381 1
13 8 50387 1
13 9 50399 1
10 27 50419 0
20 27 50443 0
11 8 50513 1
11 25 50563 1
15 28 50579 0
9 26 50621 0
19 12 50622 0
14 16 50654 0
14 21 50655 0
12 8 50656 1
18 20 50663 1
13 22 50673 0
18 12 50694 0
12 11 50702 0
20 25 50724 0
17 22 50736 0
8 19 50746 0
16 25 50773 1
19 24 50822 1
16 27 50829 0
20 26 50876 0
16 16 50887 0
10 25 50927 1
11 20 50929 0
13 11 50955 0
13 13 50984 1
18 27 51077 0
17 9 51101 1
15 9 51110 1
11 28 51110 0
21 22 51150 1
14 11 51175 0
9 15 51191 1
14 13 51192 1
18 25 51218 1
21 26 51238 0
11 26 51254 1
17 28 51255 0
19 13 51260 0
17 19 51270 1
14 19 51274 1
2 10 51290 1
11 24 51304 1
17 20 51309 1
18 28 51322 0
14 28 51325 0
14 7 51366 1
15 27 51376 0
13 15 51405 1
15 8 51433 1
10 8 51437 1
14 26 51451 1
15 25 51493 1
19 25 51506 1
12 28 51513 0
15 13 51573 1
17 15 51573 0
13 29 51574 0
22 24 51603 0
19 27 51605 0
16 22 51646 0
20 21 51687 1
12 16 51707 1
14 18 51725 1
11 21 51726 0
9 19 51741 0
15 26 51756 1
15 16 51816 0
16 21 51837 0
17 25 51882 1
12 25 51886 1
13 21 51886 0
15 18 51887 1
10 28 51912 0
10 17 51928 1
18 10 51966 1
11 16 51989 1
13 19 51990 1
13 28 52067 0
21 25 52116 0
19 21 52154 1
15 19 52241 1
10 16 52249 1
11 9 52303 1
9 23 52314 1
14 14 52315 1
20 27 52333 0
18 13 52382 0
13 26 52386 1
10 20 52412 0
9 17 52412 1
11 11 52449 0
14 9 52468 1
16 26 52471 1
12 11 52491 0
16 16 52516 0
14 25 52536 1
15 15 52558 0
15 28 52560 0
17 14 52590 0
18 14 52596 0
13 11 52601 0
12 26 52606 1
13 9 52650 1
18 23 52742 0
9 20 52757 0
16 9 52779 1
14 22 52819 0
12 15 52895 1
19 14 52931 0
20 26 52961 0
12 9 53030 1
13 12 53055 0
15 22 53114 0
18 22 53115 0
13 17 53147 0
22 19 53183 1
11 20 53216 0
14 28 53230 0
16 28 53235 0
17 28 53277 0
14 11 53303 0
18 28 53366 0
19 28 53378 0
17 20 53434 1
18 15 53477 0
11 8 53485 1
8 17 53501 1
21 26 53510 0
16 19 53512 1
14 17 53517 0
12 21 53522 0
15 9 53545 1
22 25 53573 0
16 25 53591 1
21 27 53609 0
19 27 53622 0
17 10 53638 1
17 15 53746 0
13 14 53754 1
21 20 53756 1
18 20 53763 1
15 16 53785 0
12 28 53789 0
13 22 53803 0
18 25 53819 1
12 16 53827 1
13 15 53893 1
12 29 53930 0
7 23 53934 1
17 23 53937 0
19 25 53962 1
11 28 54020 0
12 8 54033 1
17 8 54034 1
10 19 54034 0
16 13 54093 1
14 19 54129 1
14 26 54163 1
20 27 54165 0
11 17 54186 1
15 11 54214 0
11 9 54218 1
17 16 54231 0
16 22 54246 0
12 20 54273 0
19 20 54277 1
15 26 54277 1
11 26 54278 1
9 27 54278 0
11 25 54294 1
13 29 54296 0
10 17 54299 1
16 16 54321 0
13 16 54372 1
15 21 54388 0
14 9 54422 1
15 17 54426 0
20 28 54469 0
11 16 54523 1
16 29 54528 0
8 23 54544 1
13 28 54569 0
17 22 54598 0
12 11 54637 0
14 14 54679 1
16 26 54691 1
13 9 54698 1
13 21 54760 0
17 25 54762 1
17 26 54775 1
15 28 54836 0
15 14 54864 1
22 26 54871 0
13 8 54901 1
18 19 54911 1
13 18 54959 0
14 27 54967 1
9 17 54971 1
18 28 54990 0
11 29 55024 0
10 16 55114 1
17 24 55116 1
21 22 55120 1
17 19 55143 1
19 21 55188 1
14 28 55235 0
14 12 55244 0
13 11 55246 0
10 20 55295 0
16 8 55296 1
14 8 55305 1
10 15 55306 1
13 26 55337 1
12 26 55347 1
12 9 55347 1
20 21 55374 1
21 23 55407 1
14 17 55421 0
16 9 55463 1
18 14 55470 0
19 28 55471 0
16 28 55513 0
14 29 55525 0
19 23 55537 0
17 28 55547 0
11 21 55585 0
11 11 55588 0
15 19 55616 1
21 26 55624 0
14 22 55635 0
9 18 55645 1
22 25 55662 0
15 25 55684 1
12 12 55796 0
16 23 55801 0
16 17 55813 0
10 25 55836 1
21 25 55859 0
21 27 55867 0
17 15 55869 0
17 20 55952 1
12 16 56002 1
10 9 56035 1
20 27 56050 0
17 16 56237 0
13 17 56242 0
14 11 56274 0
15 23 56275 0
15 9 56311 1
18 15 56316 0
13 12 56321 0
22 24 56329 0
14 9 56350 1
11 9 56362 1
13 29 56396 0
15 16 56411 0
16 16 56417 0
18 23 56439 0
18 28 56505 0
15 29 56547 0
15 22 56577 0
13 15 56641 1
18 25 56653 1
15 13 56687 1
12 29 56717 0
10 17 56739 1
18 12 56757 0
15 17 56764 0
12 15 56801 1
15 14 56844 1
19 25 56899 1
11 17 56923 1
10 21 56941 0
10 10 56976 1
17 26 56982 1
19 14 57024 0
13 16 57036 1
13 18 57037 0
16 26 57077 1
14 15 57090 1
18 13 57093 0
10 27 57174 0
15 28 57215 0
14 27 57241 1
13 9 57295 1
14 26 57301 1
11 26 57310 1
19 28 57310 0
11 20 57323 0
15 26 57350 1
20 22 57487 1
14 17 57515 0
20 26 57518 0
17 23 57522 0
17 17 57538 0
19 13 57647 0
22 26 57652 0
21 31 57678 1
20 28 57743 0
16 20 57780 1
18 20 57789 1
14 19 57790 1
14 12 57824 0
8 18 57841 1
12 9 57865 1
13 22 57869 0
16 25 57870 1
21 27 57900 0
11 16 57911 1
22 25 57912 0
10 12 57923 0
12 28 57936 0
16 28 57951 0
17 10 57951 1
17 28 57967 0
22 27 58014 0
9 17 58015 1
17 16 58027 0
26 30 58034 1
18 15 58035 0
18 28 58042 0
16 14 58046 1
11 12 58069 0
14 29 58136 0
19 27 58171 0
12 27 58182 1
16 22 58182 0
12 16 58194 1
18 14 58262 0
14 14 58283 1
8 24 58285 1
20 27 58298 0
9 18 58301 1
16 10 58308 1
0 10 58314 1
19 12 58314 0
17 15 58358 0
17 29 58387 0
13 29 58419 0
17 21 58438 1
14 23 58607 0
12 26 58675 1
21 26 58679 0
14 18 58703 0
15 17 58712 0
16 17 58731 0
19 21 58766 1
12 21 58800 0
16 29 58935 0
12 12 58945 0
13 12 59001 0
16 23 59007 0
9 25 59030 1
16 13 59041 1
15 12 59044 0
17 20 59060 1
12 29 59110 0
13 16 59150 1
10 16 59161 1
14 9 59162 1
15 14 59218 1
10 17 59230 1
11 21 59231 0
19 28 59235 0
8 25 59236 1
10 18 59252 1
13 10 59294 1
11 17 59328 1
14 22 59401 0
17 26 59408 1
15 10 59446 1
14 15 59472 1
13 15 59516 1
18 16 59516 0
15 29 59519 0
18 21 59532 1
13 18 59545 0
15 23 59601 0
15 19 59607 1
12 17 59630 1
12 10 59678 1
16 9 59724 1
10 9 59732 1
18 15 59747 0
23 24 59769 0
11 28 59780 0
14 27 59786 1
22 25 59804 0
19 25 59806 1
15 15 59825 1
13 26 59845 1
9 16 59860 1
22 26 59921 0
21 27 59922 0
17 27 59924 1
10 24 59924 1
17 16 59932 0
15 9 60084 1
11 9 60096 1
18 28 60131 0
14 12 60136 0
18 23 60137 0
18 26 60143 1
16 26 60146 1
19 15 60146 0
14 10 60184 1
15 8 60259 1
20 28 60335 0
16 16 60338 0
17 9 60341 1
8 19 60429 1
16 19 60430 1
17 19 60430 1
15 20 60430 1
4 20 60457 1
9 24 60457 1
14 17 60460 0
19 14 60465 0
14 29 60524 0
17 17 60560 0
18 10 60572 1
13 29 60593 0
21 28 60617 0
9 19 60626 1
9 27 60692 0
16 27 60696 1
10 21 60696 0
14 16 60724 1
23 25 60748 0
10 26 60760 1
19 26 60788 1
18 14 60842 0
10 10 60845 1
16 17 60863 0
14 18 60920 0
22 27 60937 0
15 27 60950 1
18 25 60970 1
12 9 60989 1
13 9 60991 1
18 29 61084 0
15 28 61111 0
16 28 61174 0
15 17 61263 0
8 23 61265 1
19 13 61276 0
9 18 61413 1
8 18 61429 1
12 16 61560 1
17 23 61632 0
19 28 61672 0
18 13 61775 0
16 14 61792 1
12 22 61815 0
20 21 61845 1
18 15 61871 0
15 14 61875 1
12 12 61908 0
13 22 61911 0
16 10 61912 1
15 29 61927 0
17 29 62021 0
13 12 62032 0
22 26 62130 0
17 26 62139 1
17 16 62139 0
18 16 62149 0
15 18 62152 0
16 29 62171 0
13 10 62178 1
15 12 62247 0
16 20 62248 1
14 15 62334 1
20 28 62365 0
12 27 62394 1
17 15 62400 0
13 16 62435 1
20 22 62462 1
19 22 62534 1
12 29 62537 0
12 17 62543 1
11 21 62564 0
15 10 62617 1
21 27 62666 0
10 18 62762 1
16 23 62884 0
13 23 62885 0
12 10 62906 1
20 25 63018 1
15 15 63048 1
14 27 63074 1
11 10 63085 1
14 18 63103 0
14 29 63106 0
17 17 63170 0
13 27 63171 1
17 27 63174 1
13 30 63183 0
19 29 63209 0
22 22 63297 1
21 22 63305 1
21 28 63316 0
18 9 63335 1
16 17 63430 0
11 17 63453 1
10 17 63454 1
13 15 63470 1
14 12 63506 0
14 10 63536 1
16 27 63542 1
15 23 63574 0
14 30 63619 0
18 26 63626 1
18 17 63630 0
15 27 63659 1
11 18 63671 1
18 21 63716 1
17 21 63734 1
14 9 63777 1
17 10 63825 1
19 26 63839 1
19 15 63855 0
17 25 63878 1
14 16 63892 1
19 14 63905 0
16 15 63927 1
12 26 63946 1
14 23 64223 0
18 29 64229 0
23 27 64324 0
8 24 64366 1
16 18 64377 0
14 20 64379 1
9 19 64407 1
22 27 64554 0
16 22 64560 0
20 28 64567 0
15 20 64715 1
7 0 64716 1
18 28 64792 0
22 25 64892 0
18 16 64951 0
8 25 65060 1
15 29 65075 0
19 21 65103 1
13 10 65138 1
13 29 65144 1
13 29 65145 0
19 16 65224 0
15 26 65261 1
10 9 65288 1
12 21 65298 0
13 17 65429 1
15 18 65430 0
18 27 65442 1
17 29 65447 0
15 17 65489 0
23 25 65521 0
19 13 65569 0
10 10 65614 1
10 21 65617 0
22 28 65646 0
14 15 65661 1
15 25 65740 1
22 26 65741 0
16 10 65741 1
21 28 65760 0
9 18 65822 1
17 17 65842 0
16 29 65948 0
17 26 65993 1
12 18 65994 1
14 22 66040 0
23 26 66070 0
15 14 66149 1
20 29 66225 0
14 18 66266 0
13 16 66275 1
15 10 66282 1
17 20 66315 1
12 17 66323 1
18 14 66398 0
10 18 66456 1
15 15 66515 1
12 9 66518 1
17 14 66527 1
11 10 66582 1
14 29 66610 0
17 27 66634 1
16 15 66664 1
14 13 66703 0
9 26 66733 1
16 26 66738 1
15 27 66739 1
19 27 66754 1
16 17 66782 0
19 29 66843 0
12 10 66862 1
19 26 66883 1
19 15 66890 0
15 22 66930 0
22 27 66936 0
19 28 67047 0
20 28 67052 0
11 18 67157 1
22 24 67162 0
19 14 67207 0
13 21 67210 0
14 16 67361 1
14 19 67393 0
16 23 67432 0
11 11 67452 1
16 14 67460 1
18 26 67505 1
18 16 67557 0
9 19 67585 1
14 10 67595 1
13 19 67596 0
23 27 67709 0
18 17 67717 0
16 27 67790 1
13 27 68000 1
15 18 68055 0
20 14 68073 0
15 12 68105 0
14 30 68161 0
18 30 68196 0
8 19 68211 1
20 26 68225 1
15 16 68227 1
21 28 68252 0
16 30 68272 0
12 13 68321 0
18 15 68447 0
16 18 68493 0
17 17 68509 0
9 25 68534 1
16 25 68581 1
16 20 68581 1
18 29 68672 0
14 12 68698 0
19 25 68730 1
13 30 68826 0
32 33 68940 1
13 17 68982 1
15 23 68998 0
23 25 69081 0
15 29 69084 0
18 21 69122 1
21 29 69126 0
13 10 69143 1
23 26 69161 0
15 30 69176 0
19 15 69269 0
16 12 69351 0
22 28 69394 0
17 18 69444 0
18 27 69614 1
11 17 69655 1
19 16 69773 0
16 29 69779 0
19 13 69862 0
19 29 69925 0
20 29 69926 0
19 12 69928 0
14 17 69929 1
13 13 69979 0
16 15 69994 1
17 29 70016 0
11 10 70158 1
15 28 70291 1
12 18 70461 1
15 15 70499 1
15 27 70564 1
11 9 70642 1
10 11 70700 1
19 14 70708 0
14 15 70754 1
20 13 70759 0
21 28 70811 0
23 24 70886 0
15 18 70952 0
23 27 70967 0
11 21 70974 0
20 25 70982 1
10 19 71064 1
18 17 71115 0
14 19 71116 0
22 26 71153 0
19 27 71156 1
11 19 71193 1
19 26 71227 1
16 10 71323 1
20 15 71411 0
12 30 71424 0
17 14 71534 1
11 11 71573 1
11 18 71632 1
20 28 71656 0
19 20 71724 1
10 17 71844 1
22 27 71972 0
14 27 72000 1
23 26 72001 0
10 18 72014 1
19 15 72095 0
16 17 72128 0
23 25 72144 0
15 16 72155 1
18 16 72171 0
9 26 72239 1
15 10 72406 1
12 10 72409 1
17 30 72442 0
18 18 72446 0
14 28 72471 1
9 20 72603 1
12 16 72613 1
20 12 72697 0
19 11 72711 0
13 17 72797 1
20 14 72957 0
19 16 73097 0
14 16 73249 1
17 17 73328 0
14 13 73357 0
19 13 73383 0
22 28 73397 0
16 16 73418 1
20 26 73489 1
14 17 73505 1
17 10 73556 1
15 30 73694 0
32 30 73705 1
12 17 73886 1
18 26 73915 1
16 18 73998 0
19 29 74089 0
23 28 74094 0
9 23 74201 1
21 28 74246 0
16 21 74289 1
23 27 74355 0
17 26 74473 1
17 15 74487 1
9 17 74588 1
23 26 74631 0
21 13 74970 0
10 14 75025 1
18 17 75069 0
12 11 75096 1
16 23 75156 0
9 19 75241 1
9 18 75324 1
13 18 75359 1
10 19 75419 1
16 15 75424 1
21 29 75536 0
9 24 75846 1
22 24 75916 0
24 26 75940 0
17 27 75996 1
16 27 76036 1
15 13 76041 0
9 25 76145 1
19 15 76171 0
15 18 76368 0
23 25 76432 0
10 23 76522 1
21 26 76558 1
19 30 76626 0
17 18 76807 0
6 14 77006 1
22 29 77036 0
11 10 77117 1
15 16 77155 1
13 27 77518 1
19 14 77722 0
19 12 77945 0
23 26 78009 0
18 29 78045 0
24 25 78056 0
19 16 78138 0
13 16 78234 1
20 13 79665 0
20 15 79695 0
17 6 80807 1
17 13 81160 1
6 24 81264 1
20 26 81609 1
18 27 81642 1
23 27 81784 0
17 15 81976 1
14 19 82028 0
16 13 82096 1
20 25 82162 1
8 25 82177 1
17 14 82955 1
9 27 83302 1
15 27 83725 1
18 0 83819 1
18 12 84450 0
14 20 84913 0
23 24 85209 0
8 22 86257 1
6 26 86281 1
21 25 87090 1
12 29 88176 1
17 7 88248 1
30 1 89186 1
32 1 89211 1
10 27 89425 1
26 9 90017 1
15 14 90133 1
18 11 90441 0
10 20 91177 1
8 26 92406 1
13 22 92659 1
11 21 93040 1
19 24 93421 1
22 23 93614 0
21 23 93938 0
20 12 94498 0
19 12 94523 0
15 10 94656 0
16 14 95151 1
19 25 95226 1
20 24 95363 1
11 28 95397 1
16 10 95496 0
18 29 96155 1
19 13 96216 0
19 11 96489 0
16 13 97202 1
20 22 97436 0
10 21 97849 1
0 13 97898 1
17 10 98858 0
15 23 98900 1
14 28 99459 0
23 25 99907 0
14 22 100087 1
17 13 100305 1
17 21 100495 0
7 15 100754 0
23 24 101194 0
18 27 101232 0
17 27 101426 0
13 10 101570 0
15 13 101876 1
14 5 102426 1
16 23 102995 1
16 27 103051 0
22 24 103389 0
14 27 103820 0
12 29 104389 1
13 29 104396 1
13 7 104793 1
14 13 105028 1
12 27 105989 0
24 24 106311 0
18 10 106531 0
21 22 106713 0
16 21 106841 0
0 24 106957 1
0 27 107098 1
15 7 107115 1
21 14 107266 0
18 21 107504 0
22 23 107657 0
11 11 107983 1
11 12 108043 1
12 8 108058 1
10 25 108079 0
11 26 108241 0
20 14 108424 0
13 27 108434 0
23 23 108563 0
13 22 108664 1
18 11 108774 0
13 21 108851 1
19 21 108887 0
12 28 109278 1
12 21 110015 1
7 15 110583 1
20 25 110866 1
14 23 111721 1
9 26 111926 1
10 12 112665 1
9 8 113451 1
31 17 114157 1
30 15 114266 1
10 19 114456 1
19 11 114555 0
9 20 114715 1
20 13 114718 0
18 14 114779 1
10 27 114893 1
19 12 114973 0
12 12 115542 1
11 21 116282 1
24 25 116511 0
20 12 116800 0
32 17 116990 1
18 25 117043 1
21 25 117043 1
20 16 117304 0
19 24 117335 1
18 24 117362 1
17 14 117479 1
12 11 117550 1
4 11 117594 1
23 26 117667 0
23 24 117683 0
20 15 117754 0
22 22 117880 0
21 13 118202 0
12 13 118220 1
24 26 118221 0
11 28 118524 1
15 20 118860 0
24 27 119101 0
13 23 119295 1
17 13 119559 1
17 20 119572 0
19 16 120211 0
10 20 120470 1
18 13 120795 1
20 14 121146 0
20 21 121262 0
24 24 121268 0
20 24 121280 1
14 30 121281 1
12 30 121281 1
13 12 121376 1
10 28 121467 1
20 22 121510 0
11 20 121518 1
15 10 121519 0
10 26 121811 1
19 22 121920 0
15 22 121939 1
15 23 121939 1
11 29 122019 1
18 10 122065 0
7 15 122352 0
14 22 122359 1
15 19 122373 0
13 29 122381 1
13 13 122496 1
16 10 122500 0
21 22 122588 0
12 29 122700 1
22 23 122991 0
18 23 123027 1
14 12 123215 1
16 19 123300 0
12 22 123491 1
19 11 123603 0
19 17 123672 0
14 24 123780 1
23 23 123892 0
16 12 123915 1
16 20 123983 0
11 27 123992 1
24 25 124036 0
16 13 124042 1
6 31 124099 1
15 27 124123 0
12 28 124186 1
20 13 124286 0
14 10 124325 0
14 27 124353 0
10 27 124481 1
23 24 124593 0
10 21 124658 1
20 12 124734 0
11 25 124796 0
12 26 124797 0
21 14 124948 0
21 24 125064 1
17 23 125430 1
18 11 125445 0
22 22 125459 0
15 30 125517 1
15 12 125608 1
9 27 125679 1
13 21 125738 1
20 11 125862 0
13 22 125863 1
14 28 125876 0
12 21 125881 1
18 21 125980 0
19 21 125994 0
11 26 126059 0
21 12 126109 0
17 21 126142 0
11 21 126241 1
17 10 126412 0
17 13 126437 1
13 11 126442 1
24 24 126496 0
20 24 126522 1
13 14 126618 1
15 20 126707 0
17 20 126713 0
21 25 126778 1
15 22 126778 1
19 10 126828 0
18 20 126838 0
21 26 126906 1
17 12 127108 1
18 13 127139 1
15 15 127165 1
24 26 127176 0
11 19 127219 1
15 10 127223 0
12 11 127336 1
17 30 127339 1
14 27 127434 0
18 14 127440 1
19 29 127454 1
25 25 127486 0
12 12 127513 1
13 29 127612 1
19 11 127618 0
13 27 127700 0
13 12 127752 1
20 15 127797 0
13 15 127800 1
16 10 127800 0
22 25 127891 1
11 20 127893 1
20 12 128026 0
18 10 128032 0
11 11 128109 1
10 26 128154 1
13 30 128166 1
16 23 128209 1
23 23 128232 0
17 29 128275 1
21 22 128327 0
14 22 128329 1
14 12 128330 1
15 23 128350 1
20 21 128456 0
19 23 128459 1
18 23 128473 1
21 24 128474 1
17 27 128532 0
18 27 128574 0
10 20 128596 1
22 22 128646 0
20 14 128706 0
19 20 128707 0
18 30 128751 1
18 29 128797 1
15 28 128799 0
11 28 128838 1
19 24 128838 1
11 27 128859 1
16 12 128924 1
9 25 128926 1
24 24 128958 0
24 25 129006 0
24 23 129132 0
14 21 129192 1
15 29 129242 1
18 24 129247 1
10 19 129309 1
23 22 129334 0
21 13 129402 0
21 21 129417 0
16 20 129471 0
14 30 129559 1
18 30 129560 1
19 10 129583 0
12 21 129592 1
13 21 129594 1
20 13 129619 0
12 26 129636 0
13 26 129638 0
21 29 129648 1
20 25 129723 1
19 21 129743 0
15 22 129863 1
20 11 129869 0
20 10 129872 0
18 12 129905 1
21 12 129914 0
22 23 129949 0
11 25 129976 0
12 28 130005 1
21 14 130033 0
12 29 130114 1
20 29 130116 1
15 19 130195 0
14 10 130238 0
25 24 130302 0
20 24 130368 1
18 30 130369 1
18 20 130429 0
15 27 130441 0
14 23 130448 1
17 20 130556 0
17 17 130578 1
16 27 130649 0
15 12 130663 1
7 15 130674 1
10 25 130693 1
14 27 130696 0
18 10 130799 0
13 12 130838 1
23 23 130852 0
10 27 130866 1
21 11 131019 0
18 13 131050 1
13 29 131145 1
14 21 131233 1
17 12 131242 1
22 22 131260 0
12 25 131271 0
14 29 131306 1
13 28 131331 1
19 23 131342 1
17 23 131345 1
15 10 131367 0
21 24 131449 1
24 24 131472 0
18 30 131482 1
13 11 131535 1
24 26 131539 0
20 21 131541 0
11 21 131557 1
18 22 131571 1
16 22 131577 1
14 12 131582 1
19 27 131677 0
11 20 131717 1
16 19 131721 0
17 13 131722 1
17 10 131767 0
19 10 131826 0
19 11 131892 0
13 18 131937 0
21 22 131948 0
18 21 131971 0
19 20 132016 0
12 20 132020 1
24 23 132032 0
15 29 132055 1
23 22 132135 0
17 9 132153 0
16 10 132166 0
24 25 132204 0
21 21 132251 0
18 23 132306 1
20 11 132346 0
15 22 132420 1
1 13 132481 1
14 22 132505 1
13 21 132523 1
11 27 132528 1
18 27 132533 0
10 26 132573 1
16 20 132651 0
21 12 132668 0
18 9 132700 0
19 21 132726 0
12 21 132735 1
12 11 132740 1
22 24 132751 1
15 13 132761 1
13 26 132795 0
9 26 132799 1
20 22 132853 0
16 12 132905 1
20 10 132946 0
19 28 132953 1
17 20 132972 0
16 29 132975 1
15 26 132984 0
20 12 132987 0
12 26 133000 0
18 12 133002 1
23 23 133214 0
16 23 133258 1
14 9 133268 0
18 20 133274 0
21 28 133334 1
17 27 133391 0
21 20 133402 0
18 10 133430 0
14 27 133459 0
25 23 133463 0
15 27 133496 0
16 9 133497 0
14 26 133509 0
19 23 133571 1
16 13 133584 1
14 13 133590 1
17 29 133604 1
21 13 133623 0
19 10 133631 0
11 10 133647 1
22 22 133647 0
11 19 133650 1
25 24 133662 0
14 21 133686 1
14 19 133713 0
14 19 133714 1
15 19 133742 0
9 19 133766 1
17 22 133766 1
13 27 133777 0
15 20 133846 0
21 11 133969 0
12 28 133979 1
12 25 134003 0
20 23 134052 1
15 9 134073 0
15 12 134095 1
19 29 134117 1
13 22 134149 1
20 20 134168 0
21 23 134198 1
24 23 134246 0
17 12 134252 1
12 12 134269 1
19 20 134275 0
21 24 134291 1
23 22 134294 0
16 27 134302 0
21 21 134399 0
13 11 134408 1
15 29 134412 1
16 22 134417 1
14 29 134462 1
22 21 134522 0
11 26 134544 1
14 12 134559 1
18 30 134584 1
20 21 134615 0
13 28 134624 1
18 28 134653 1
24 24 134653 0
16 19 134692 0
12 20 134698 1
18 17 134701 1
12 27 134719 1
11 12 134747 1
13 21 134748 1
25 25 134779 0
20 11 134789 0
17 9 134864 0
13 12 134907 1
19 9 134926 0
21 15 134993 0
11 20 135013 1
18 29 135125 1
13 29 135135 1
18 22 135137 1
15 21 135143 1
20 10 135157 0
11 24 135183 0
13 26 135238 0
17 20 135311 0
3 8 135319 1
17 23 135321 1
20 28 135354 1
22 28 135375 1
15 22 135375 1
16 30 135394 1
13 20 135411 1
19 15 135463 0
14 28 135473 1
19 23 135505 1
17 26 135525 0
21 14 135531 0
19 28 135610 1
14 9 135639 0
18 12 135642 1
14 11 135682 1
23 23 135747 0
19 10 135787 0
18 9 135788 0
22 24 135813 1
20 24 135824 1
25 26 135824 0
10 20 135826 1
18 13 135830 1
18 20 135861 0
19 26 135950 0
14 26 135967 0
19 22 135998 1
21 12 136009 0
12 19 136020 1
16 20 136031 0
12 17 136037 0
14 21 136069 1
22 12 136076 0
24 22 136120 0
15 9 136123 0
16 10 136163 0
15 27 136165 0
15 23 136167 1
16 9 136211 0
21 20 136235 0
17 19 136236 0
19 20 136248 0
23 21 136261 0
12 21 136279 1
17 22 136301 1
23 22 136303 0
18 10 136305 0
16 26 136366 0
18 23 136374 1
16 29 136388 1
22 22 136404 0
24 23 136426 0
17 10 136451 0
17 17 136457 1
13 25 136469 0
22 21 136470 0
21 23 136495 1
11 27 136498 1
15 26 136509 0
25 23 136514 0
16 12 136516 1
21 11 136531 0
20 23 136566 1
19 13 136597 1
21 28 136616 1
20 20 136635 0
21 21 136644 0
13 16 136702 0
14 16 136713 0
16 22 136780 1
12 24 136848 0
15 29 136863 1
12 20 136926 1
12 25 136994 0
22 25 137006 1
13 21 137081 1
11 18 137136 1
25 24 137137 0
18 26 137140 0
17 9 137162 0
16 19 137189 0
20 10 137210 0
16 27 137254 0
15 12 137262 1
18 19 137263 0
20 26 137274 0
20 11 137328 0
13 9 137336 0
17 12 137342 1
21 26 137359 0
16 11 137398 1
19 27 137407 0
19 9 137476 0
14 22 137499 1
18 27 137512 0
12 27 137537 1
14 29 137538 1
15 21 137583 1
13 28 137632 1
19 24 137685 1
17 24 137703 1
15 19 137704 0
12 10 137736 1
17 29 137754 1
21 13 137806 0
14 17 137858 0
13 20 137859 1
11 26 137886 1
18 9 137908 0
19 23 137924 1
13 11 137925 1
18 11 137967 1
11 19 137982 1
18 28 137996 1
11 28 138038 1
18 22 138038 1
15 30 138043 1
19 20 138055 0
14 26 138105 0
15 9 138138 0
24 22 138172 0
20 29 138205 1
10 19 138212 1
14 12 138227 1
16 9 138317 0
14 21 138322 1
14 28 138340 1
12 28 138355 1
21 20 138434 0
24 23 138446 0
14 9 138459 0
22 21 138474 0
11 20 138518 1
12 11 138524 1
19 28 138556 1
21 23 138571 1
16 23 138588 1
19 22 138588 1
15 26 138592 0
14 11 138602 1
18 12 138642 1
20 21 138651 0
17 27 138709 0
23 21 138714 0
20 20 138720 0
23 22 138733 0
17 20 138768 0
13 26 138779 0
16 15 138797 0
17 28 138803 1
25 22 138809 0
13 25 138849 0
22 20 138863 0
19 26 138864 0
19 10 138865 0
17 19 138866 0
17 22 138889 1
13 17 138904 0
22 27 138932 1
20 28 138980 1
21 10 138981 0
15 22 139020 1
21 11 139028 0
16 26 139052 0
17 9 139060 0
20 10 139119 0
25 23 139160 0
22 24 139166 1
15 27 139225 0
20 23 139230 1
18 17 139251 1
22 13 139279 0
16 19 139311 0
12 20 139319 1
15 10 139372 0
17 26 139424 0
16 8 139440 0
10 25 139563 1
19 9 139597 0
15 11 139605 1
18 9 139648 0
16 22 139691 1
17 11 139744 1
16 11 139816 1
15 29 139819 1
16 29 139831 1
25 24 139832 0
22 28 139839 1
21 28 139873 1
13 20 139874 1
15 16 139902 0
12 19 139926 1
22 11 139933 0
15 21 139942 1
18 19 139947 0
18 16 139975 1
19 12 139986 1
18 20 139987 0
15 9 140087 0
18 11 140104 1
22 21 140121 0
24 22 140149 0
18 26 140153 0
24 24 140195 0
22 12 140202 0
21 12 140213 0
15 28 140218 1
12 24 140304 0
15 8 140378 0
21 20 140419 0
14 26 140427 0
14 16 140522 0
19 20 140533 0
20 22 140538 1
20 20 140542 0
17 15 140563 0
17 23 140568 1
24 23 140575 0
13 11 140603 1
15 26 140638 0
14 28 140648 1
16 27 140655 0
11 27 140668 1
23 21 140668 0
13 21 140689 1
19 19 140689 0
20 19 140703 0
22 23 140715 1
12 16 140717 0
13 28 140752 1
14 20 140772 1
19 29 140785 1
18 29 140791 1
19 22 140792 1
13 13 140828 1
13 25 140835 0
25 23 140933 0
21 10 140934 0
16 9 140989 0
18 28 141068 1
25 25 141069 0
14 27 141078 1
12 27 141078 1
13 10 141079 1
16 12 141145 1
20 26 141167 0
21 23 141172 1
14 11 141182 1
17 19 141189 0
14 29 141192 1
21 21 141260 0
20 9 141268 0
18 22 141296 1
22 20 141305 0
15 12 141306 1
19 9 141323 0
20 10 141347 0
19 26 141403 0
7 15 141425 0
17 28 141426 1
19 28 141432 1
22 27 141451 1
21 11 141452 0
24 21 141497 0
18 9 141499 0
20 11 141528 0
17 8 141579 0
17 22 141579 1
17 9 141581 1
17 9 141581 0
25 22 141582 0
23 27 141596 1
14 8 141636 0
13 20 141744 1
13 27 141847 1
18 23 141856 1
19 23 141878 1
11 19 141912 1
18 11 141944 1
22 21 141958 0
14 21 141987 1
14 25 142010 0
16 11 142018 1
21 26 142038 0
19 17 142040 1
24 22 142042 0
21 29 142088 1
16 19 142097 0
16 8 142130 0
13 16 142153 0
17 21 142158 1
22 10 142205 0
18 16 142206 1
21 20 142210 0
12 20 142220 1
15 21 142247 1
20 23 142277 1
22 25 142278 0
17 11 142298 1
10 18 142332 1
23 21 142353 0
16 18 142385 0
15 28 142429 1
26 23 142437 0
21 13 142444 0
15 11 142512 1
13 24 142548 0
12 19 142557 1
23 20 142586 0
20 28 142614 1
18 19 142634 0
17 26 142639 0
12 23 142645 0
26 24 142687 0
18 12 142715 1
18 25 142732 0
16 21 142737 1
13 17 142741 0
16 22 142800 1
18 26 142821 0
20 19 142829 0
20 25 142834 0
20 22 142846 1
16 28 142858 1
15 9 142873 0
20 20 142885 0
22 20 142896 0
11 25 142916 1
13 19 142928 1
21 10 142951 0
19 19 142978 0
19 22 142980 1
14 20 143003 1
14 27 143047 1
15 8 143052 0
17 29 143094 1
22 11 143111 0
18 8 143115 0
25 24 143117 0
15 26 143271 0
19 25 143286 0
19 27 143299 1
24 21 143305 0
20 9 143329 0
22 23 143369 1
15 20 143388 1
21 9 143395 0
16 26 143456 0
14 28 143490 1
22 27 143497 1
10 27 143505 1
15 16 143522 0
17 19 143555 0
19 26 143576 0
19 12 143633 1
21 28 143648 1
17 28 143675 1
18 9 143740 0
21 27 143768 1
25 22 143951 0
21 22 143983 1
16 15 143984 0
15 15 144004 0
19 9 144034 0
16 8 144049 0
21 20 144087 0
13 20 144097 1
18 11 144105 1
19 11 144110 1
22 12 144110 0
14 16 144124 0
18 28 144172 1
17 25 144183 0
12 24 144214 0
21 23 144217 1
21 19 144257 0
14 17 144284 0
17 17 144290 1
20 10 144290 0
14 11 144305 1
25 23 144364 0
19 16 144365 1
24 22 144371 0
17 8 144401 0
22 10 144406 0
18 18 144456 0
15 28 144462 1
22 22 144487 1
22 21 144492 0
24 23 144494 0
19 20 144514 0
14 25 144551 0
22 20 144558 0
19 30 144566 1
16 11 144630 1
18 16 144634 1
25 21 144675 0
14 24 144711 0
19 28 144719 1
17 11 144731 1
16 16 144736 0
12 26 144765 1
16 18 144772 0
17 21 144811 1
23 20 144820 0
14 8 144853 0
16 9 144881 0
20 19 144899 0
20 26 144909 0
22 19 144914 0
16 28 144945 1
17 14 145012 0
15 25 145015 0
19 21 145049 1
19 19 145065 0
19 19 145065 1
18 27 145066 1
19 8 145108 0
17 22 145119 1
18 19 145123 0
13 24 145134 0
14 10 145168 1
20 27 145182 1
18 8 145183 0
20 9 145197 0
21 10 145201 0
15 8 145202 0
20 22 145224 1
17 18 145226 0
12 19 145243 1
15 21 145245 1
13 27 145287 1
13 26 145295 1
24 21 145322 0
20 8 145353 0
14 27 145374 1
16 21 145385 1
14 19 145460 1
18 22 145541 1
15 10 145552 1
14 20 145564 1
12 20 145613 1
12 12 145613 1
23 27 145618 1
16 29 145647 1
16 26 145649 0
13 19 145686 1
18 25 145707 0
19 25 145709 0
17 26 145710 0
13 28 145735 1
22 25 145756 0
13 10 145826 1
13 16 145828 0
17 9 145838 0
16 8 145846 0
21 9 145867 0
21 27 145913 1
13 11 145927 1
11 26 145934 1
20 18 145976 0
18 26 145984 0
22 27 145988 1
14 29 146000 1
24 20 146025 0
22 20 146090 0
22 23 146117 1
21 22 146172 1
16 25 146191 0
17 28 146250 1
19 27 146276 1
15 20 146317 1
17 8 146320 0
12 18 146339 1
11 18 146345 1
17 19 146356 0
21 25 146377 0
18 18 146388 0
20 25 146399 0
19 18 146399 0
25 22 146453 0
19 22 146458 1
23 21 146459 0
23 20 146566 0
21 19 146600 0
17 12 146601 1
18 21 146639 1
15 28 146641 1
22 28 146654 1
20 28 146654 1
18 11 146657 1
15 29 146662 1
17 25 146680 0
15 11 146757 1
14 25 146789 0
22 10 146859 0
12 23 146860 0
18 8 146864 0
22 22 146883 1
16 22 146896 1
19 26 146897 0
20 19 146900 0
24 21 146916 0
17 18 146930 0
18 13 146954 0
19 21 146974 1
15 8 146980 0
19 11 146994 1
25 21 147037 0
16 10 147038 1
20 16 147050 1
14 28 147075 1
20 23 147086 1
10 26 147134 1
14 15 147146 0
13 20 147157 1
15 15 147171 0
16 28 147183 1
13 23 147192 0
21 20 147193 0
21 12 147214 0
17 21 147225 1
20 9 147260 0
17 11 147267 1
17 15 147296 0
13 24 147316 0
19 8 147390 0
16 14 147411 0
15 25 147428 0
22 11 147433 0
18 16 147434 1
12 16 147437 0
17 27 147437 1
20 27 147442 1
19 19 147470 0
14 8 147497 0
18 14 147502 0
19 25 147537 0
19 15 147569 1
15 10 147622 1
14 24 147669 0
14 27 147676 1
12 26 147690 1
21 9 147691 0
20 21 147694 1
20 22 147713 1
18 9 147728 0
18 27 147756 1
16 8 147759 0
14 16 147761 0
14 10 147786 1
11 25 147799 1
14 19 147827 1
20 8 147835 0
9 28 147862 1
18 28 147871 1
13 26 147871 1
16 15 147913 0
13 15 147915 0
21 10 147978 0
18 25 148000 0
22 20 148031 0
18 19 148051 0
15 16 148076 0
21 27 148078 1
17 8 148121 0
20 24 148141 0
23 20 148219 0
18 18 148243 0
13 19 148253 1
19 16 148283 1
22 19 148436 0
21 28 148458 1
21 22 148486 1
21 19 148515 0
20 15 148537 1
17 18 148546 0
18 8 148554 0
16 11 148559 1
14 11 148563 1
21 24 148612 0
16 7 148622 0
17 7 148624 0
14 20 148630 1
19 27 148679 1
17 25 148688 0
14 7 148690 0
18 15 148730 1
20 18 148740 0
22 9 148741 0
16 21 148750 1
16 25 148751 1
16 25 148752 0
12 25 148752 1
20 25 148752 0
14 26 148760 1
17 26 148813 0
15 20 148822 1
19 18 148872 0
26 21 148883 0
24 20 148935 0
15 8 148973 0
16 10 148975 1
19 10 148978 1
25 22 148991 0
20 19 149001 0
22 10 149008 0
15 27 149029 1
16 27 149037 1
24 21 149040 0
19 21 149041 1
18 10 149042 1
25 21 149067 0
26 22 149080 0
17 14 149082 0
22 22 149157 1
15 7 149159 0
21 25 149218 0
12 18 149266 1
17 20 149276 1
19 25 149286 0
17 10 149316 1
17 13 149323 0
18 13 149328 0
17 27 149329 1
13 27 149335 1
18 7 149350 0
23 26 149358 1
18 21 149366 1
19 8 149378 0
16 26 149380 0
17 16 149440 1
15 25 149487 0
13 24 149545 0
16 28 149574 1
15 28 149587 1
13 17 149604 0
12 19 149608 1
14 19 149620 1
22 26 149620 1
15 10 149631 1
21 9 149640 0
20 8 149645 0
13 18 149658 1
20 9 149791 0
19 20 149810 1
13 16 149824 0
20 21 149841 1
22 27 149842 1
17 21 149907 1
23 20 149917 0
18 18 149925 0
14 24 149926 0
13 23 149984 0
19 9 149998 0
18 25 150022 0
17 8 150075 0
18 20 150095 1
20 7 150117 0
21 21 150127 1
18 27 150140 1
20 27 150140 1
17 11 150141 1
17 28 150232 1
21 19 150257 0
14 15 150265 0
14 10 150267 1
18 8 150298 0
19 11 150304 1
21 8 150334 0
16 20 150350 1
15 15 150394 0
19 15 150397 1
21 18 150418 0
20 18 150429 0
18 26 150457 0
21 27 150465 1
23 22 150531 1
22 19 150550 0
17 25 150583 0
17 18 150597 0
25 20 150697 0
16 7 150710 0
18 15 150711 1
20 25 150712 0
22 24 150738 0
16 10 150762 1
17 27 150802 1
20 22 150818 1
16 27 150862 1
16 25 150867 0
20 24 150917 0
13 26 150920 1
17 7 150925 0
19 18 150978 0
18 7 150985 0
24 20 150987 0
16 8 151005 0
13 19 151045 1
14 16 151050 0
19 21 151127 1
15 21 151127 1
15 24 151191 0
18 10 151209 1
18 12 151244 0
17 20 151268 1
18 16 151278 1
20 8 151280 0
12 22 151308 0
21 22 151309 1
15 27 151309 1
18 24 151325 0
13 25 151358 1
22 9 151359 0
21 24 151366 0
25 21 151406 0
23 19 151453 0
14 19 151467 1
19 25 151468 0
13 10 151493 1
16 14 151506 0
19 27 151510 1
20 14 151557 1
17 10 151579 1
15 10 151582 1
19 10 151582 1
15 7 151585 0
19 7 151608 0
15 25 151612 0
19 28 151653 1
16 15 151654 0
14 7 151655 0
14 26 151682 1
20 15 151715 1
21 15 151726 1
22 26 151752 1
22 20 151755 0
20 21 151765 1
21 26 151890 1
18 11 151910 1
15 19 151934 1
24 21 151957 0
19 8 151963 0
24 26 152040 1
23 26 152044 1
18 21 152048 1
23 27 152066 1
21 19 152101 0
23 20 152113 0
15 14 152128 0
15 20 152132 1
19 20 152135 1
22 10 152135 0
13 18 152157 1
12 26 152163 1
21 9 152165 0
18 25 152168 0
16 24 152173 0
17 13 152234 0
13 15 152270 0
21 14 152272 1
16 21 152365 1
20 18 152435 0
20 7 152435 0
22 19 152437 0
14 24 152447 0
22 21 152455 1
21 21 152477 1
18 20 152477 1
12 25 152486 1
20 28 152510 1
23 28 152518 1
18 8 152518 0
18 13 152521 0
16 7 152561 0
18 7 152578 0
17 25 152635 0
16 10 152645 1
19 24 152656 0
17 27 152681 1
14 27 152684 1
21 8 152711 0
21 18 152712 0
22 22 152751 1
17 17 152752 0
20 11 152766 1
18 15 152767 1
17 7 152771 0
13 23 152780 0
26 21 152840 0
16 27 152904 1
18 27 152919 1
24 25 152920 1
19 26 152923 1
17 16 152959 1
24 20 152964 0
13 22 153047 0
18 18 153056 0
12 18 153066 1
16 25 153067 0
14 15 153079 0
19 15 153081 1
15 15 153093 0
16 28 153110 1
20 24 153123 0
20 8 153151 0
14 12 153219 1
22 24 153219 0
19 13 153282 0
20 25 153297 0
19 18 153300 0
17 20 153377 1
25 25 153420 1
19 7 153434 0
17 6 153446 0
22 18 153456 0
15 7 153457 0
18 10 153481 1
15 24 153484 0
20 27 153509 1
15 27 153547 1
12 29 153548 1
12 16 153549 0
16 20 153562 1
22 9 153587 0
15 26 153620 1
14 10 153651 1
25 20 153666 0
19 21 153669 1
22 26 153684 1
1 26 153687 1
25 21 153700 0
16 19 153730 1
17 18 153735 0
21 27 153738 1
20 21 153779 1
14 19 153829 1
23 19 153829 0
17 8 153886 0
17 10 153887 1
13 25 153891 1
18 28 153898 1
16 9 153900 1
19 16 153956 1
17 9 153982 1
18 17 154048 0
14 14 154078 0
19 10 154089 1
22 11 154119 0
15 10 154131 1
20 18 154150 0
21 26 154171 1
21 25 154202 0
14 23 154241 0
13 9 154243 1
18 24 154273 0
18 7 154285 0
18 12 154303 0
21 23 154324 0
17 7 154362 0
20 14 154410 1
16 24 154421 0
16 7 154423 0
21 24 154434 0
22 19 154440 0
21 19 154449 0
17 14 154454 0
17 24 154500 0
23 22 154561 1
19 22 154601 1
16 14 154601 0
15 19 154659 1
22 8 154685 0
14 9 154816 1
15 14 154816 0
20 20 154829 1
20 10 154830 1
15 25 154900 0
21 18 154901 0
19 14 154906 1
19 17 154919 0
20 7 154949 0
14 18 154958 1
18 20 154997 1
26 22 155006 0
16 10 155014 1
17 17 155041 0
17 12 155047 0
18 30 155056 0
18 25 155063 0
19 7 155071 0
21 21 155072 1
15 9 155083 1
23 26 155089 1
14 26 155098 1
13 18 155104 1
11 18 155117 1
22 21 155118 1
19 24 155207 0
16 27 155248 1
13 27 155257 1
20 24 155267 0
25 24 155313 1
21 8 155333 0
18 29 155401 1
17 27 155415 1
19 27 155433 1
14 20 155433 1
17 20 155450 1
18 21 155450 1
15 24 155486 0
19 26 155520 1
19 9 155527 1
13 19 155545 1
24 20 155572 0
22 18 155589 0
23 18 155590 0
19 12 155612 0
24 25 155621 1
17 25 155635 0
17 13 155667 0
15 7 155676 0
18 15 155689 1
17 11 155697 1
13 14 155711 0
20 8 155729 0
16 25 155755 0
13 7 155769 0
13 23 155769 0
22 26 155771 1
26 20 155785 0
19 15 155799 1
14 15 155859 0
19 18 155870 0
17 7 155908 0
18 9 155913 1
23 19 155939 0
26 21 155963 0
17 21 155978 1
16 13 156009 0
11 8 156011 1
25 20 156012 0
21 20 156014 1
17 9 156015 1
13 15 156073 0
20 17 156080 0
18 7 156100 0
18 10 156134 1
14 7 156140 0
16 9 156157 1
15 27 156174 1
18 30 156185 0
20 21 156214 1
20 15 156216 1
19 8 156264 0
18 17 156297 0
13 16 156309 0
15 26 156315 1
21 26 156330 1
14 24 156331 0
20 18 156350 0
15 20 156383 1
19 20 156385 1
15 18 156413 1
19 10 156429 1
25 21 156505 0
18 24 156524 0
22 9 156563 0
16 19 156621 1
16 26 156648 1
16 24 156775 0
12 24 156778 1
21 17 156778 0
17 10 156787 1
15 23 156803 0
22 10 156813 0
17 6 156825 0
15 15 156829 0
20 7 156847 0
18 27 156861 1
16 6 156864 0
19 7 156879 0
21 22 156904 1
24 19 157011 0
14 19 157016 1
21 18 157017 0
14 23 157017 0
22 19 157025 0
14 18 157069 1
12 22 157085 0
20 20 157117 1
16 20 157118 1
23 21 157118 1
23 25 157136 1
13 25 157163 1
17 24 157163 0
15 6 157165 0
14 14 157264 0
21 23 157288 0
15 16 157309 0
19 14 157316 1
21 9 157352 0
19 24 157355 0
18 13 157359 0
16 7 157361 0
20 24 157424 0
15 9 157459 1
20 26 157503 1
18 26 157517 1
20 14 157522 1
13 22 157525 0
17 17 157577 0
19 17 157604 0
22 18 157614 0
13 26 157654 1
28 26 157660 1
13 18 157693 1
15 14 157699 0
15 19 157711 1
19 21 157794 1
22 8 157797 0
18 12 157818 0
25 19 157867 0
15 24 157869 0
21 7 157882 0
14 9 157892 1
22 25 157918 1
24 26 157925 1
17 20 157934 1
19 6 157949 0
21 8 157958 0
18 9 157960 1
17 9 157982 1
16 27 157982 1
22 21 157989 1
17 7 157996 0
23 19 158030 0
21 20 158052 1
22 26 158058 1
20 17 158086 0
18 20 158127 1
19 23 158152 0
22 24 158205 0
19 9 158212 1
19 26 158287 1
12 18 158364 1
15 18 158365 1
18 17 158366 0
16 9 158373 1
25 20 158374 0
12 25 158405 1
21 24 158414 0
23 26 158513 1
19 7 158531 0
21 14 158610 1
24 25 158616 1
19 20 158670 1
15 26 158735 1
18 6 158741 0
23 18 158744 0
16 24 158758 0
16 14 158766 0
14 6 158768 0
16 26 158816 1
21 21 158856 1
16 21 158917 1
19 12 158918 0
21 26 158925 1
20 7 158929 0
20 23 158986 0
18 7 159053 0
13 17 159065 1
15 7 159163 0
16 18 159182 1
26 20 159219 0
11 24 159250 1
16 19 159253 1
18 24 159279 0
17 26 159349 1
16 6 159363 0
15 23 159377 0
20 20 159383 1
22 20 159386 1
14 18 159398 1
14 25 159406 1
17 24 159441 0
13 24 159464 1
22 18 159535 0
26 21 159542 0
18 21 159544 1
17 6 159544 0
15 6 159550 0
24 19 159559 0
21 18 159618 0
14 23 159628 0
21 17 159700 0
18 11 159728 0
8 11 159729 1
17 13 159731 0
19 14 159790 1
20 6 159820 0
18 10 159825 1
16 10 159848 1
12 21 159848 0
23 21 159855 1
20 21 159856 1
14 26 159856 1
23 25 159888 1
21 20 159903 1
19 24 159916 0
15 27 159919 1
17 27 159931 1
20 17 159933 0
18 9 159981 1
19 17 159987 0
22 23 159994 0
13 22 160007 0
22 25 160057 1
25 25 160121 1
16 25 160136 0
23 19 160138 0
23 9 160142 0
17 9 160145 1
14 15 160145 0
22 9 160153 0
24 24 160156 1
17 16 160194 0
21 23 160231 0
18 16 160264 0
21 7 160291 0
25 19 160339 0
22 8 160343 0
16 13 160383 0
15 10 160444 1
20 10 160448 1
15 18 160448 1
19 15 160524 1
15 9 160542 1
16 9 160544 1
15 14 160544 0
12 17 160553 1
19 6 160625 0
13 15 160631 0
14 14 160634 0
25 24 160650 1
17 19 160725 1
19 23 160750 0
15 24 160781 0
22 21 160795 1
18 26 160812 1
19 9 160815 1
25 20 160838 0
20 24 160842 0
18 23 160848 0
17 12 160850 0
22 17 160866 0
18 19 160875 1
16 26 160893 1
19 7 160917 0
20 14 160956 1
23 18 161020 0
17 10 161059 1
15 13 161070 0
15 19 161080 1
20 26 161120 1
23 10 161221 0
20 29 161225 1
16 28 161243 1
17 7 161297 0
18 17 161299 0
17 26 161303 1
21 8 161309 0
17 20 161343 1
16 18 161373 1
21 13 161382 1
24 20 161393 0
13 14 161397 0
19 26 161420 1
14 24 161433 1
12 24 161452 1
16 6 161463 0
22 18 161492 0
20 23 161500 0
20 7 161517 0
15 23 161539 0
20 27 161540 1
16 8 161549 1
16 20 161593 1
22 20 161602 1
16 24 161603 0
17 24 161632 0
20 17 161639 0
17 6 161664 0
15 26 161666 1
21 17 161671 0
18 6 161675 0
24 18 161676 0
26 20 161686 0
22 10 161694 0
14 17 161736 1
13 21 161788 0
20 16 161789 0
14 22 161815 0
24 19 161841 0
20 19 161842 1
16 23 161908 0
18 20 161962 1
21 20 161966 1
19 20 162017 1
11 25 162028 1
19 19 162033 1
14 18 162046 1
7 15 162048 0
15 6 162049 0
18 12 162057 0
20 13 162135 1
14 9 162155 1
21 25 162206 1
24 25 162211 1
21 7 162212 0
20 20 162270 1
25 19 162311 0
22 8 162336 0
23 25 162344 1
19 25 162345 1
18 9 162346 1
20 6 162364 0
17 16 162389 0
13 24 162415 1
21 6 162439 0
14 25 162448 1
13 25 162458 1
18 24 162459 0
16 19 162515 1
13 18 162521 1
19 10 162527 1
18 16 162563 0
19 6 162577 0
21 12 162594 1
14 23 162621 0
17 23 162623 0
17 15 162631 1
17 9 162644 1
13 17 162737 1
19 17 162759 0
21 26 162796 1
22 26 162802 1
25 26 162803 1
13 22 162826 0
15 18 162829 1
22 25 162859 1
14 8 162885 1
15 8 162932 1
21 23 162967 0
23 21 162983 1
21 18 163014 0
15 28 163020 1
21 28 163025 1
13 16 163144 1
19 23 163165 0
19 11 163200 0
12 15 163213 0
14 13 163219 0
23 18 163221 0
7 24 163233 1
22 7 163269 0
16 6 163276 0
16 9 163299 1
15 23 163311 0
16 26 163330 1
23 26 163351 1
22 23 163380 0
22 17 163421 0
20 23 163422 0
17 26 163510 1
32 9 163514 1
19 9 163527 1
26 20 163528 0
19 24 163541 0
26 21 163565 0
16 8 163572 1
15 15 163619 0
21 17 163669 0
17 6 163675 0
22 9 163677 0
24 24 163732 1
18 14 163733 1
14 14 163734 0
15 25 163737 1
16 18 163758 1
15 14 163764 0
20 17 163781 0
14 17 163784 1
18 11 163787 0
18 23 163788 0
18 19 163797 1
17 19 163802 1
23 19 163803 0
23 20 163804 1
18 6 163892 0
24 18 163898 0
17 18 163939 1
20 19 163939 1
19 7 163955 0
19 16 163960 0
22 20 164046 1
25 19 164048 0
16 23 164059 0
15 22 164133 0
21 7 164148 0
12 16 164176 1
16 13 164187 0
3 24 164191 1
14 24 164201 1
21 20 164202 1
20 6 164242 0
18 26 164305 1
24 19 164306 0
17 24 164328 0
17 8 164341 1
25 23 164344 1
22 18 164418 0
15 9 164436 1
15 17 164457 1
23 9 164484 0
19 6 164527 0
20 25 164583 1
18 16 164606 0
24 21 164641 1
22 8 164677 0
18 30 164680 0
21 6 164708 0
15 13 164736 0
14 22 164804 0
20 16 164845 0
19 19 164847 1
16 12 164900 0
14 6 164906 0
18 9 164954 1
20 9 164959 1
17 12 165026 0
20 13 165041 1
20 23 165066 0
23 8 165081 0
15 5 165083 0
17 23 165091 0
22 22 165120 0
19 23 165162 0
13 21 165164 0
20 26 165165 1
19 25 165169 1
25 20 165268 0
21 25 165274 1
23 25 165310 1
15 8 165355 1
14 18 165364 1
12 23 165372 1
22 12 165380 1
26 20 165390 0
13 23 165491 1
17 13 165521 0
23 18 165526 0
25 24 165529 1
16 6 165584 0
22 17 165587 0
16 8 165614 1
18 8 165618 1
17 16 165619 0
23 17 165656 0
15 23 165717 0
19 8 165727 1
26 19 165766 0
24 18 165786 0
14 17 165797 1
19 17 165801 0
22 7 165813 0
21 17 165824 0
17 26 165827 1
19 26 165836 1
21 23 165836 0
25 19 165887 0
19 22 165932 0
16 23 165962 0
15 18 165979 1
19 29 165985 1
13 16 165997 1
14 21 166034 0
20 6 166065 0
23 24 166066 1
15 19 166083 1
20 20 166084 1
18 6 166087 0
20 17 166140 0
16 18 166171 1
22 25 166173 1
13 24 166180 1
20 19 166283 1
21 19 166293 1
13 17 166409 1
21 13 166416 1
23 20 166418 1
18 18 166467 1
19 16 166471 0
16 17 166490 1
16 25 166496 1
21 7 166513 0
17 19 166515 1
19 13 166566 1
19 12 166567 0
19 12 166567 1
17 6 166571 0
19 9 166647 1
17 9 166649 1
18 23 166650 0
17 25 166700 1
25 18 166703 0
21 22 166722 0
16 14 166742 0
18 19 166774 1
20 23 166809 0
17 8 166829 1
19 6 166876 0
16 19 166899 1
14 24 166909 1
17 18 166964 1
12 26 167000 1
16 26 167010 1
19 5 167013 0
15 17 167053 1
21 6 167067 0
20 16 167071 0
22 20 167075 1
15 25 167086 1
14 8 167135 1
7 15 167140 1
26 22 167169 0
22 10 167186 0
14 16 167268 1
19 11 167288 0
18 16 167312 0
23 7 167340 0
19 23 167357 0
24 24 167427 1
24 25 167449 1
18 25 167487 1
26 20 167488 0
22 23 167523 0
21 16 167562 0
17 24 167624 0
17 23 167646 0
13 14 167708 0
20 13 167715 1
17 5 167720 0
18 5 167725 0
24 19 167776 0
14 22 167791 0
16 13 167822 0
19 25 167835 1
24 18 167836 0
21 24 167875 1
15 22 167910 0
19 20 167915 1
18 8 168036 1
15 14 168042 0
20 14 168043 1
15 13 168044 0
14 25 168054 1
20 25 168058 1
26 21 168059 0
16 23 168161 0
23 17 168202 0
14 17 168205 1
21 17 168205 0
23 22 168246 0
22 17 168247 0
14 7 168261 1
16 8 168272 1
22 7 168303 0
16 9 168327 1
15 5 168347 0
22 9 168353 0
13 21 168441 0
15 8 168457 1
18 12 168485 0
17 20 168533 1
24 20 168559 1
21 25 168564 1
19 19 168588 1
23 23 168632 0
21 19 168675 1
12 24 168689 1
22 24 168696 1
12 22 168757 1
18 9 168816 1
22 16 168826 0
18 6 168846 0
22 22 168871 0
19 8 168891 1
19 16 168896 0
24 26 168912 1
16 5 168913 0
23 25 168946 1
17 25 168947 1
18 14 168947 1
20 23 168960 0
22 8 168986 0
15 24 169081 1
20 24 169083 1
21 20 169088 1
23 20 169092 1
18 26 169129 1
17 26 169152 1
14 14 169153 0
27 20 169188 0
13 23 169285 1
16 17 169300 1
16 25 169302 1
25 19 169304 0
20 5 169318 0
20 6 169337 0
26 19 169353 0
20 19 169494 1
19 13 169760 1
17 8 169761 1
20 16 169885 0
21 6 169902 0
15 17 169906 1
23 24 169912 1
17 18 169955 1
16 18 169967 1
19 5 169974 0
19 6 169998 0
25 18 170087 0
23 9 170134 0
20 9 170140 1
17 19 170140 1
13 16 170158 1
16 22 170168 0
13 17 170259 1
12 17 170263 1
18 19 170283 1
23 16 170367 0
18 23 170426 0
13 20 170465 0
12 16 170557 1
23 8 170633 0
22 6 170659 0
18 18 170661 1
15 25 170730 1
18 25 170758 1
18 11 170792 0
25 23 170880 1
15 16 170881 1
23 17 170941 0
19 22 170948 0
22 19 170954 1
16 12 170957 0
21 12 170958 1
26 20 170981 0
18 15 171001 0
22 7 171002 0
14 21 171004 0
19 18 171017 1
24 18 171033 0
16 23 171035 0
21 16 171057 0
20 8 171087 1
24 17 171089 0
21 7 171128 0
18 5 171234 0
15 27 171265 1
21 27 171279 1
22 13 171279 1
17 5 171307 0
20 18 171375 1
14 17 171388 1
18 8 171410 1
17 23 171439 0
21 19 171468 1
19 16 171767 0
14 29 171788 1
20 22 171938 0
14 16 171985 1
12 23 172023 1
20 26 172058 1
19 25 172138 1
14 24 172154 1
22 24 172185 1
24 24 172192 1
17 25 172248 1
20 23 172252 0
19 8 172316 1
16 17 172365 1
21 25 172401 1
20 25 172404 1
21 24 172405 1
23 7 172602 0
15 8 172693 1
18 16 172706 0
14 5 172719 0
19 10 172740 0
19 15 172819 0
22 17 172892 0
22 20 172922 1
21 22 173000 0
16 5 173059 0
21 5 173070 0
20 5 173080 0
15 7 173141 1
21 13 173181 1
23 24 173189 1
15 24 173191 1
18 6 173205 0
15 22 173229 0
14 13 173629 0
17 8 173719 1
19 5 173730 0
20 13 173743 1
26 19 173772 0
22 16 173900 0
21 6 173978 0
23 17 174099 0
16 8 174196 1
19 23 174369 0
17 18 174448 1
26 18 174582 0
16 13 174593 0
22 6 174632 0
23 19 174637 1
16 22 174642 0
14 23 174655 1
17 15 174657 0
23 20 174706 1
16 20 174734 1
25 18 174933 0
13 27 174934 1
14 22 175020 0
16 27 175052 1
22 7 175187 0
22 19 175200 1
17 19 175208 1
15 17 175323 1
17 17 175324 1
25 17 175384 0
21 16 175512 0
15 5 175523 0
21 9 175581 1
18 15 175598 0
19 13 175639 1
13 13 175729 0
21 19 175758 1
20 8 175776 1
17 12 175789 0
18 25 175792 1
16 17 175875 1
27 19 175909 0
21 18 175950 1
12 22 176016 1
18 8 176074 1
15 13 176109 0
23 8 176119 0
24 23 176129 1
21 26 176200 1
17 26 176271 1
18 18 176317 1
13 23 176330 1
18 5 176366 0
23 9 176389 0
19 16 176468 0
13 16 176474 1
18 22 176481 0
13 22 176488 1
16 7 176495 1
24 20 176507 1
24 17 176585 0
16 25 176675 1
15 21 176720 0
23 10 176859 0
15 18 176942 1
27 21 176949 0
20 16 176996 0
15 25 176999 1
17 22 177008 0
17 5 177103 0
27 20 177114 0
20 24 177189 1
24 3 177303 1
14 21 177361 0
19 18 177400 1
22 33 177474 1
19 19 177615 1
15 16 177624 1
16 24 177632 1
19 15 177772 0
16 5 177796 0
14 7 177856 1
20 5 177881 0
23 7 178115 0
26 20 178137 0
19 8 178145 1
13 17 178158 1
26 19 178457 0
22 22 178560 0
21 23 178735 0
14 16 178811 1
14 20 178830 0
26 3 179044 1
22 6 179343 0
23 16 179377 0
15 24 179399 1
20 15 179550 0
17 25 179768 1
21 5 179788 0
20 22 179833 0
19 11 179974 0
20 18 180173 1
18 7 180202 1
17 7 180205 1
14 17 180235 1
20 19 180265 1
24 18 180274 0
19 5 180403 0
23 24 180470 1
23 17 180528 0
15 7 180861 1
25 18 180980 0
16 12 181200 0
22 24 181225 1
22 16 181276 0
16 17 181411 1
17 11 181434 0
24 17 181448 0
18 19 181468 1
22 19 181500 1
20 25 181700 1
21 16 181869 0
17 23 181897 0
16 22 182136 0
20 8 182329 1
18 5 182384 0
13 15 182507 1
21 25 182751 1
19 22 182812 0
8 18 182856 1
17 8 182925 1
22 7 183210 0
23 22 183299 0
18 23 183375 0
26 18 183685 0
21 22 183738 0
23 19 183781 1
12 15 184017 1
19 7 184237 1
21 6 184358 0
14 23 184661 1
21 19 184971 1
26 6 184981 1
20 6 184985 0
16 16 185173 1
15 12 185312 0
20 9 185403 1
20 11 185460 0
27 18 185537 0
23 6 185717 0
26 19 185786 0
25 17 185976 0
17 17 186012 1
10 19 186105 1
26 21 186235 0
23 9 187081 0
19 9 187086 1
21 13 187408 1
27 20 187730 0
16 25 187870 1
24 8 188724 0
21 13 189032 1
12 21 189957 1
24 21 190387 1
23 8 190469 0
21 13 191072 1
22 10 191364 0
23 21 191369 1
14 6 192067 1
23 11 192149 0
13 24 192775 1
27 21 193985 0
24 20 194745 1
15 26 195592 1
27 19 195743 0
23 10 195811 0
23 7 195973 0
18 32 196279 1
21 13 196362 0
26 22 196454 0
27 22 197739 0
24 9 198086 0
11 20 198205 1
11 21 198486 1
22 27 198660 1
21 9 198809 1
25 23 199262 0
23 9 199284 0
13 22 199411 1
22 11 199420 0
1 11 199427 1
20 10 199512 1
17 15 199784 0
19 13 200074 0
26 23 200137 0
15 23 200479 1
21 13 200504 0
16 12 200526 1
22 6 200674 0
22 12 200821 0
23 22 200931 1
22 21 201037 1
13 21 201039 1
14 14 201279 1
21 8 201386 1
22 22 201551 1
17 12 201598 1
18 11 201624 1
23 24 201849 0
13 15 201969 1
15 6 202163 1
13 14 202258 1
23 11 202558 0
27 21 202745 0
21 12 202858 0
27 20 203007 0
19 11 203445 1
14 15 203498 1
23 8 203513 0
18 15 203667 0
21 10 203799 1
23 10 204018 0
21 22 204158 1
23 9 204257 0
25 20 204269 1
26 22 204284 0
24 8 204357 0
20 9 204421 1
26 21 204512 0
23 20 204687 1
24 21 204723 1
15 24 204792 1
16 24 204804 1
19 22 204820 1
17 11 204852 1
19 10 205060 1
18 12 205336 1
15 5 205347 1
27 22 205484 0
18 7 205588 0
27 19 205625 0
15 19 205646 1
24 9 205837 0
14 13 205989 1
16 18 206036 1
16 13 206614 1
24 7 206828 0
22 24 206848 0
15 13 206941 1
27 21 207010 0
15 11 207311 1
23 7 207321 0
22 12 207457 0
20 24 207570 0
13 9 207785 1
18 14 207785 0
22 11 207803 0
15 12 207851 1
24 17 207925 0
16 7 208056 1
24 23 208127 0
27 20 208621 0
21 9 208726 1
15 21 208769 0
19 13 208884 0
26 14 209095 1
26 12 209452 1
17 18 209968 1
21 13 209972 0
14 22 210046 1
14 20 210292 0
17 10 210456 1
15 7 210535 1
24 10 210651 0
24 16 210992 0
20 8 211321 1
13 21 211873 1
16 26 212120 1
25 18 212385 0
1 12 212479 1
24 20 212663 1
14 16 212750 1
22 6 212795 0
15 2 212927 1
4 33 213055 1
20 11 213113 1
13 16 213277 1
23 8 213475 0
23 6 213855 0
15 16 214040 1
21 8 214564 1
23 9 214572 0
22 29 215199 1
19 15 215246 0
23 11 215332 0
23 10 215468 0
7 15 216054 0
27 21 216059 0
26 18 216354 0
23 21 216397 1
26 19 216544 0
27 23 216703 0
24 19 217058 1
13 15 217352 1
13 22 217359 1
22 5 218029 0
24 8 218360 0
19 14 218499 0
26 23 218615 0
21 18 219386 1
22 2 221834 1
19 16 221843 0
17 19 224486 1
27 21 224811 1
7 15 224928 1
23 11 224971 1
26 18 225344 1
19 14 226025 1
21 9 226143 0
14 16 226256 0
24 9 226265 1
24 20 226413 0
26 23 226465 1
13 22 226586 0
23 9 226640 1
22 5 226803 1
23 8 226904 1
21 8 227047 0
13 21 227124 0
22 12 227147 1
15 6 227413 0
24 8 227484 1
13 15 227615 0
23 10 227678 1
27 19 227720 1
27 21 227762 1
27 20 227816 1
16 7 227916 0
23 11 227955 1
22 11 228088 1
16 24 228229 0
18 15 228268 1
24 21 228371 0
25 18 228372 1
23 7 228392 1
22 6 228525 1
23 6 228547 1
13 16 228740 0
26 18 228911 1
26 22 228961 1
23 9 229163 1
27 22 229212 1
20 18 229269 0
19 13 229468 1
20 8 229476 0
15 23 229481 0
15 7 229482 0
21 9 229759 0
21 10 229788 0
25 20 229789 0
15 16 229796 0
24 20 229862 0
23 20 229863 0
5 33 229891 1
15 24 230059 0
24 17 230074 1
23 10 230075 1
18 12 230090 0
13 22 230109 0
14 14 230149 0
15 21 230159 1
14 16 230185 0
23 8 230226 1
24 7 230243 1
13 14 230252 0
15 6 230260 0
26 19 230347 1
14 21 230359 1
21 18 230375 0
24 19 230607 0
25 23 230628 1
14 20 230636 1
21 6 230663 1
14 13 230728 0
19 15 230749 1
18 11 230818 0
27 20 230853 1
27 21 230995 1
17 17 231002 0
14 15 231023 0
17 18 231029 0
24 10 231031 1
23 21 231127 0
26 21 231129 1
13 21 231129 0
20 9 231208 0
24 9 231253 1
13 15 231326 0
16 24 231359 0
19 5 231536 1
24 8 231579 1
25 18 231737 1
18 18 231805 0
16 22 231809 1
20 16 231821 1
22 6 231826 1
21 12 231862 1
23 11 231895 1
22 11 231928 1
20 10 231935 0
21 8 232029 0
23 9 232038 1
23 7 232070 1
22 16 232081 1
24 21 232126 0
27 19 232234 1
14 23 232285 0
17 12 232291 0
18 15 232368 1
19 10 232379 0
18 14 232412 1
21 5 232485 1
18 5 232583 1
14 6 232584 0
23 10 232617 1
12 21 232632 0
26 22 232769 1
16 16 232770 0
15 13 232779 0
26 23 232816 1
20 8 232828 0
0 14 232829 1
21 16 232939 1
13 22 232957 0
19 11 232975 0
20 5 232981 1
24 18 233075 1
13 16 233080 0
14 7 233325 0
25 17 233408 1
15 5 233435 0
22 12 233463 1
15 7 233540 0
26 21 233560 1
23 8 233573 1
15 22 233623 1
16 17 233673 0
15 24 233698 0
27 20 233799 1
22 7 233817 1
23 20 233818 0
21 19 233831 0
24 16 234011 1
26 19 234049 1
13 14 234135 0
23 16 234168 1
24 20 234183 0
12 20 234265 0
12 15 234299 0
26 20 234335 1
20 9 234350 0
18 13 234389 1
16 18 234523 0
21 6 234576 1
13 15 234612 0
22 11 234670 1
22 10 234755 1
16 12 234845 0
10 21 234932 1
25 23 234932 1
23 19 234938 0
23 9 235018 1
23 21 235023 0
23 21 235024 1
26 18 235057 1
23 10 235081 1
18 11 235207 0
15 6 235244 0
27 21 235250 1
19 9 235288 0
14 16 235323 0
13 23 235324 0
25 18 235356 1
17 18 235358 0
14 21 235405 1
24 23 235482 1
22 19 235511 0
21 12 235640 1
22 22 235667 0
14 13 235691 0
19 13 235720 1
24 17 235720 1
22 8 235750 1
19 10 235755 0
17 24 235780 0
25 19 235809 1
17 14 235815 1
20 10 235832 0
16 6 235972 0
17 11 235977 0
19 14 235998 1
17 15 236043 1
22 6 236077 1
1 6 236178 1
12 21 236217 0
14 6 236243 0
26 22 236264 1
26 21 236379 1
15 23 236422 0
19 7 236527 0
25 24 236535 1
18 14 236594 1
20 18 236621 0
12 14 236626 0
20 8 236644 0
17 17 236659 0
20 6 236728 1
21 9 236770 0
22 25 236789 1
25 25 236808 1
14 23 236809 0
22 9 236811 1
27 20 236847 1
17 12 236914 0
16 13 236915 0
23 8 236943 1
26 20 236945 1
24 21 236979 0
12 22 236981 0
14 12 237041 0
15 16 237079 0
20 12 237258 1
13 14 237319 0
18 13 237344 1
13 22 237354 0
23 6 237419 1
23 20 237500 0
22 7 237511 1
23 7 237532 1
22 10 237535 1
14 24 237564 0
22 24 237581 1
23 11 237581 1
15 24 237627 0
14 5 237656 0
16 17 237671 0
21 11 237684 1
24 18 237692 1
14 7 237704 0
26 19 237758 1
12 15 237794 0
23 9 237829 1
19 16 237844 1
22 11 237881 1
20 9 237903 0
23 22 237973 0
21 6 238065 1
25 22 238155 1
16 12 238161 0
23 21 238210 0
15 12 238362 0
23 17 238373 1
23 10 238444 1
12 20 238508 0
13 15 238547 0
24 8 238569 1
15 13 238637 0
22 21 238709 0
14 14 238757 0
22 8 238878 1
19 9 239028 0
17 14 239146 1
25 23 239163 1
21 22 239201 0
19 10 239305 0
24 23 239313 1
12 16 239344 0
13 16 239347 0
23 24 239378 1
26 24 239412 1
24 24 239412 1
18 10 239413 0
11 21 239434 0
13 13 239450 0
15 7 239514 0
26 21 239521 1
26 20 239731 1
12 21 239737 0
22 9 239802 1
14 6 239816 0
17 11 239867 0
26 22 239908 1
22 10 240017 1
18 11 240069 0
14 13 240195 0
20 10 240213 0
15 21 240215 1
15 5 240227 0
21 12 240358 1
25 19 240363 1
18 13 240387 1
12 22 240445 0
22 20 240473 0
25 18 240498 1
12 14 240503 0
19 8 240558 0
21 11 240663 1
16 11 240695 0
23 20 240695 0
15 20 240756 1
12 13 241018 0
11 20 241102 0
25 22 241129 1
22 22 241180 0
18 15 241283 1
20 15 241472 1
17 15 241488 1
12 15 241489 0
15 17 241497 0
20 8 241502 0
22 7 241544 1
14 23 241560 0
13 14 241587 0
13 23 241590 0
20 9 241615 0
19 12 241621 1
23 19 241652 0
21 16 241676 1
14 5 241774 0
13 20 241786 1
23 9 241809 1
20 12 241877 1
26 19 241965 1
22 8 242070 1
23 8 242089 1
18 14 242089 1
25 21 242133 1
25 20 242206 1
20 19 242253 0
19 25 242334 1
13 6 242336 0
23 21 242405 0
19 9 242407 0
22 9 242456 1
22 6 242474 1
22 24 242506 1
19 24 242547 1
14 15 242547 0
15 24 242554 0
13 5 242559 0
26 23 242589 1
24 23 242594 1
22 17 242594 1
13 24 242646 0
16 14 242651 1
24 18 242667 1
27 20 242705 1
22 19 242708 0
23 10 242838 1
22 10 242846 1
22 11 242856 1
20 16 242914 1
16 12 242927 0
12 27 242946 1
22 21 243141 0
19 10 243161 0
14 6 243169 0
27 22 243300 1
14 24 243316 0
21 7 243348 1
21 11 243394 1
20 6 243433 1
17 14 243466 1
26 20 243573 1
25 19 243614 1
17 10 243644 0
21 6 243674 1
22 12 243697 1
21 18 243732 0
21 10 243827 1
13 7 243879 0
14 7 243881 0
20 13 243884 1
21 19 243917 0
13 21 243919 1
26 21 243941 1
11 21 243960 0
21 24 243992 1
13 13 244030 0
19 13 244032 1
17 11 244122 0
19 22 244275 0
17 12 244333 0
14 12 244339 0
25 20 244346 1
12 16 244352 0
17 13 244393 1
18 10 244398 0
12 23 244446 0
25 22 244506 1
11 22 244566 0
22 20 244644 0
18 25 244687 1
23 20 244757 0
23 17 244762 1
25 21 244766 1
12 22 244917 0
15 12 244933 0
14 21 244971 1
27 21 244972 1
22 8 244972 1
11 15 244996 0
16 17 245013 0
24 20 245017 0
12 15 245022 0
11 20 245040 0
28 20 245047 1
16 11 245048 0
17 18 245100 0
19 11 245104 0
15 13 245250 0
12 14 245257 0
20 5 245286 1
16 18 245316 0
11 14 245486 0
21 5 245507 1
26 22 245618 1
20 12 245619 1
18 24 245706 1
14 20 245718 1
21 22 245736 0
21 9 245761 1
23 24 245820 1
22 9 245941 1
19 8 245969 0
22 7 246053 1
14 13 246069 0
12 13 246081 0
21 10 246319 1
13 23 246442 0
24 23 246458 1
24 18 246459 1
21 11 246489 1
21 8 246504 1
14 17 246506 0
19 9 246570 0
18 22 246572 0
14 28 246764 1
18 13 246788 1
22 10 246805 1
23 21 246816 0
14 5 246845 0
23 23 246925 1
16 15 247019 1
22 21 247062 0
17 13 247097 1
19 12 247131 1
24 22 247181 1
25 20 247214 1
13 6 247222 0
25 19 247251 1
26 19 247256 1
20 24 247294 1
13 15 247306 0
16 14 247401 1
22 17 247420 1
21 7 247433 1
19 10 247456 0
13 5 247474 0
13 14 247497 0
15 11 247499 0
11 21 247524 0
22 20 247606 0
14 24 247613 0
20 6 247658 1
14 6 247724 0
21 20 247759 0
25 21 247760 1
18 10 247763 0
22 16 247808 1
17 14 247859 1
13 16 247874 0
17 15 248039 1
19 15 248041 1
25 23 248041 1
15 18 248134 0
15 17 248198 0
16 12 248298 0
21 9 248488 1
11 15 248496 0
17 11 248565 0
13 7 248609 0
16 11 248669 0
21 21 248675 0
22 8 248693 1
21 10 248772 1
25 18 248779 1
11 22 248818 0
20 11 248835 1
21 6 248863 1
12 6 248915 0
12 16 248954 0
23 18 248958 1
18 8 248975 0
24 17 249027 1
21 24 249065 1
21 8 249106 1
11 14 249108 0
21 12 249135 1
12 15 249138 0
12 14 249142 0
13 13 249167 0
18 9 249202 0
25 22 249299 1
13 24 249354 0
15 12 249395 0
22 19 249423 0
26 20 249432 1
20 22 249466 0
18 2 249471 1
22 9 249589 1
24 25 249653 1
25 20 249671 1
19 9 249741 0
17 10 249776 0
24 22 249794 1
13 21 249811 1
10 14 249837 0
14 23 249876 0
23 25 249947 1
19 16 250056 1
19 18 250077 0
21 19 250081 0
21 11 250083 1
13 12 250117 0
17 13 250285 1
12 22 250287 0
22 20 250339 0
13 6 250371 0
22 21 250372 0
12 13 250381 0
14 16 250408 0
20 12 250426 1
24 18 250434 1
13 23 250628 0
14 12 250664 0
19 8 250679 0
16 10 250736 0
12 20 250753 1
21 9 250758 1
12 23 250787 0
18 14 250813 1
13 5 250876 0
18 16 250891 1
21 7 250906 1
20 18 250967 0
24 23 251023 1
25 21 251055 1
23 20 251057 0
10 21 251085 0
24 21 251089 1
15 6 251089 0
24 21 251090 1
14 13 251107 0
18 10 251158 0
20 6 251240 1
21 17 251253 1
10 22 251302 0
19 12 251303 1
18 12 251311 1
25 19 251324 1
11 13 251349 0
21 10 251366 1
20 11 251379 1
11 16 251477 0
23 16 251493 1
21 20 251494 0
22 24 251591 1
24 20 251603 1
21 8 251603 1
16 15 251636 1
18 11 251756 0
20 19 251766 0
14 7 251771 0
22 7 251811 1
11 15 251902 0
18 9 251916 0
12 6 251949 0
11 22 251996 0
15 11 251997 0
18 8 252034 0
16 14 252073 1
24 22 252126 1
12 5 252135 0
16 11 252155 0
11 21 252158 0
10 20 252315 0
19 22 252327 0
20 7 252394 1
23 23 252396 1
11 14 252398 0
22 17 252408 1
17 24 252544 1
15 17 252575 0
23 18 252589 1
20 10 252608 1
22 23 252716 1
21 21 252770 0
18 24 252935 1
25 20 252968 1
13 20 252969 1
20 21 252997 0
24 19 253003 1
24 21 253042 1
21 9 253097 1
15 22 253121 1
23 22 253151 1
16 13 253151 1
13 24 253160 0
14 17 253164 0
22 20 253169 0
14 24 253223 0
19 11 253226 1
13 7 253287 0
19 5 253361 1
22 21 253389 0
10 14 253508 0
12 7 253610 0
15 12 253618 0
13 6 253620 0
24 20 253684 1
17 13 253709 1
17 11 253720 0
12 15 253738 0
20 5 253739 1
22 8 253751 1
20 11 253796 1
13 13 253830 0
17 14 253838 1
12 13 253845 0
20 24 253876 1
24 24 253884 1
12 21 253884 1
11 13 253928 0
12 14 253997 0
19 12 254015 1
21 8 254070 1
22 10 254088 1
17 9 254113 0
10 21 254184 0
20 6 254189 1
18 15 254317 1
21 20 254329 0
19 6 254374 1
17 10 254377 0
14 5 254396 0
12 16 254432 0
17 8 254436 0
16 17 254437 0
23 17 254456 1
20 10 254457 1
16 10 254460 0
21 13 254528 1
12 6 254552 0
14 22 254572 1
15 14 254606 1
18 9 254607 0
19 9 254623 0
19 13 254635 1
27 28 254729 1
20 22 254767 0
24 22 254772 1
18 10 254772 0
12 23 254848 0
12 12 254923 0
20 7 254941 1
11 23 254960 0
0 32 254961 1
21 7 255029 1
21 10 255045 1
21 23 255061 1
13 5 255105 0
11 15 255140 0
24 21 255196 1
10 22 255203 0
17 22 255207 0
21 19 255217 0
18 8 255231 0
10 15 255311 0
23 22 255350 1
14 12 255363 0
14 11 255375 0
12 5 255448 0
21 17 255520 1
16 13 255526 1
11 14 255597 0
11 22 255599 0
23 24 255615 1
16 18 255692 0
20 16 255699 1
18 16 255728 1
18 12 255728 1
13 12 255733 0
22 19 255733 0
24 20 255805 1
12 24 255902 0
17 12 256059 1
13 24 256106 0
23 18 256135 1
24 18 256136 1
21 22 256175 0
13 21 256211 1
15 10 256213 0
21 21 256215 0
15 18 256255 0
21 9 256266 1
19 11 256303 1
18 13 256368 1
20 10 256400 1
16 11 256404 0
21 16 256419 1
10 14 256486 0
17 15 256574 1
22 23 256590 1
20 11 256610 1
24 19 256654 1
15 11 256669 0
23 23 256803 1
24 23 256835 1
11 16 256846 0
10 21 256892 0
13 23 256956 0
14 17 256957 0
21 20 256958 0
13 17 256983 0
26 19 256984 1
19 19 256996 0
18 9 256998 0
22 9 257004 1
21 8 257054 1
20 6 257090 1
20 6 257090 1
22 6 257094 1
11 6 257139 0
12 6 257153 0
22 20 257163 0
19 6 257218 1
18 18 257370 0
26 18 257371 1
16 15 257372 1
20 20 257398 0
20 12 257412 1
17 9 257430 0
19 21 257506 0
14 6 257510 0
15 15 257518 1
23 22 257534 1
22 17 257543 1
20 8 257569 1
15 14 257581 1
10 20 257622 0
20 7 257666 1
13 22 257736 1
20 19 257767 0
16 13 257943 1
18 8 257943 0
19 12 257968 1
24 21 258048 1
13 6 258051 0
24 22 258058 1
11 13 258070 0
22 18 258127 1
13 25 258158 0
10 15 258162 0
19 16 258189 1
15 17 258224 0
12 21 258363 1
17 8 258375 0
19 24 258429 1
19 22 258461 0
25 19 258463 1
12 23 258482 0
16 10 258500 0
12 7 258538 0
15 12 258579 0
13 16 258697 0
24 20 258707 1
10 22 258715 0
16 14 258845 1
19 18 258854 0
18 10 258873 0
22 21 258977 0
18 22 259011 0
20 10 259034 1
21 7 259166 1
17 10 259189 0
16 24 259215 1
13 7 259243 0
21 24 259303 1
19 11 259338 1
10 23 259351 0
12 13 259384 0
10 13 259394 0
20 9 259431 1
14 14 259448 1
14 11 259498 0
20 21 259507 0
25 21 259531 1
11 23 259560 0
12 20 259567 1
20 17 259584 1
9 14 259615 0
19 5 259642 1
13 13 259741 0
14 12 259761 0
18 12 259847 1
12 5 259850 0
20 11 259876 1
9 20 259913 0
19 6 259995 1
12 6 259998 0
18 9 260004 0
10 14 260027 0
20 8 260049 1
23 22 260075 1
23 21 260212 1
13 24 260281 0
21 20 260293 0
27 20 260316 1
21 23 260337 1
24 19 260356 1
21 19 260532 0
10 21 260533 0
17 9 260534 0
15 14 260536 1
23 20 260558 1
21 21 260580 0
15 13 260681 1
12 24 260699 0
14 17 260764 0
18 16 260893 1
19 10 261002 1
10 10 261003 1
21 6 261004 1
17 7 261017 0
18 11 261024 1
23 18 261037 1
22 23 261041 1
16 13 261048 1
9 22 261049 0
11 6 261052 0
19 15 261098 1
11 15 261153 0
10 15 261344 0
20 6 261395 1
9 21 261397 0
11 14 261492 0
15 11 261497 0
17 8 261547 0
17 24 261557 1
20 7 261585 1
20 20 261617 0
18 5 261665 1
11 5 261725 0
23 19 261850 1
15 10 261878 0
23 21 261916 1
11 7 262101 0
12 16 262114 0
22 18 262129 1
21 8 262142 1
18 8 262159 0
27 19 262178 1
13 17 262209 0
10 16 262267 0
16 23 262268 0
12 17 262270 0
12 12 262273 0
20 9 262411 1
11 21 262421 1
16 8 262481 0
25 20 262571 1
24 20 262582 1
20 8 262652 1
17 18 262732 0
19 11 262737 1
16 15 262774 1
23 20 262859 1
15 15 262883 1
20 10 262956 1
23 23 262980 1
14 14 262985 1
19 6 263062 1
20 17 263080 1
21 17 263121 1
10 22 263121 0
16 9 263142 0
10 14 263151 0
26 21 263229 1
20 19 263278 0
19 10 263302 1
18 19 263355 0
23 22 263420 1
13 12 263460 0
14 11 263505 0
20 16 263543 1
24 21 263603 1
11 23 263650 0
22 22 263681 1
11 13 263693 0
15 13 263739 1
11 6 263951 0
12 6 263991 0
16 10 264002 0
10 13 264052 0
23 21 264099 1
17 9 264114 0
11 12 264160 0
11 20 264254 1
17 12 264255 1
13 22 264255 1
14 18 264260 0
20 24 264264 1
9 14 264277 0
17 13 264294 1
10 15 264372 0
18 12 264436 1
15 14 264439 1
20 21 264444 0
18 11 264457 1
13 29 264692 1
9 20 264750 0
18 9 264759 0
19 9 264787 1
17 10 264788 0
21 20 264831 0
19 20 264854 0
17 15 264899 1
12 5 265016 0
12 24 265028 0
12 7 265029 0
19 19 265168 0
12 23 265218 0
20 20 265292 0
20 8 265342 1
25 8 265361 1
17 16 265367 1
22 23 265409 1
9 21 265421 0
13 11 265427 0
21 18 265433 1
20 22 265503 0
11 16 265523 0
8 5 265560 1
17 8 265565 0
23 17 265576 1
21 23 265701 1
19 7 265702 1
21 9 265747 1
23 19 265749 1
23 20 265854 1
15 18 265856 0
22 17 265877 1
9 15 265958 0
14 15 265973 1
10 23 265984 0
9 22 266063 0
20 9 266166 1
22 7 266198 1
18 6 266217 1
12 13 266232 0
18 22 266307 0
19 21 266347 0
17 5 266375 1
24 19 266392 1
22 24 266396 1
13 17 266476 0
15 10 266554 0
19 10 266626 1
14 12 266686 0
20 11 266738 1
21 16 266839 1
15 13 266946 1
14 14 266953 1
22 18 267002 1
17 19 267013 0
21 21 267075 0
19 22 267095 0
23 21 267137 1
16 13 267294 1
9 19 267295 0
14 11 267450 0
19 11 267478 1
24 22 267624 1
18 18 267674 0
19 6 267694 1
14 17 267726 0
11 6 267729 0
19 9 267744 1
10 14 267784 0
22 22 267822 1
10 15 267918 0
18 15 267919 1
19 12 267920 1
16 9 267965 0
18 11 267988 1
10 6 268148 0
19 24 268163 1
16 10 268195 0
16 8 268339 0
8 14 268357 0
11 7 268487 0
18 5 268521 1
12 22 268541 1
10 13 268732 0
12 12 268780 0
9 13 268904 0
11 23 268906 0
10 16 268929 0
15 14 269200 1
17 9 269211 0
16 22 269233 0
20 7 269338 1
9 14 269356 0
11 24 269447 0
20 17 269520 1
15 11 269536 0
27 23 269595 1
23 22 269636 1
23 20 269641 1
19 8 269649 1
20 8 269666 1
20 21 269997 0
11 21 270008 1
20 20 270044 0
33 0 270178 1
23 19 270249 1
29 24 270292 1
3 18 270316 1
19 10 270335 1
19 7 270429 1
9 15 270495 0
12 21 270670 1
15 15 270762 1
17 12 270782 1
22 19 270913 1
18 6 270971 1
11 13 271138 0
20 10 271148 1
19 16 271270 1
21 11 271376 1
9 22 271458 0
21 18 271477 1
18 30 271478 1
13 11 271551 0
13 14 271922 1
23 21 271971 1
10 12 272004 0
16 11 272028 0
12 24 272103 0
9 21 272117 0
22 21 272124 1
20 23 272136 1
21 23 272140 1
11 6 272140 0
22 21 272228 1
10 20 272256 1
18 30 272313 1
8 20 272372 0
17 8 272383 0
15 5 272419 0
14 13 272511 1
14 16 272551 0
9 16 272863 0
24 18 273067 1
13 17 273145 0
21 17 273161 1
19 20 273196 0
20 9 273346 1
18 30 273383 1
13 12 273489 0
19 9 273542 1
13 18 273752 0
23 23 273802 1
16 7 273909 0
16 12 273913 1
10 23 273929 0
14 10 273951 0
27 17 274049 1
18 11 274059 1
12 17 274108 0
18 24 274153 1
14 15 274264 1
10 15 274316 0
16 9 274412 0
15 13 274477 1
8 22 274555 0
22 22 274561 1
17 18 274590 0
19 8 274660 1
22 16 274763 1
20 19 274913 0
14 11 275074 0
10 6 275076 0
14 14 275092 1
17 5 275219 1
17 6 275428 1
10 22 275651 0
18 21 275677 0
19 19 276041 0
8 21 276092 0
16 8 276103 0
23 18 276123 1
22 18 276136 1
19 7 276137 1
22 23 276200 1
19 6 276388 1
19 21 276388 0
11 5 276402 0
19 10 276478 1
9 14 276598 0
11 12 276652 0
17 22 276668 0
15 10 276673 0
9 15 276731 0
12 16 276782 0
22 21 276791 1
11 24 276871 0
15 24 276915 1
23 20 276921 1
18 12 276997 1
10 14 277064 0
14 18 277094 0
18 10 277149 1
18 6 277153 1
18 30 277178 1
20 25 277229 1
23 19 277230 1
16 15 277299 1
22 20 277373 1
13 14 277438 1
22 19 277632 1
10 16 277658 0
16 10 277697 0
18 16 277945 1
20 20 277965 0
20 17 278053 1
8 15 278064 0
18 7 278100 1
21 7 278112 1
10 7 278206 0
9 13 278523 0
8 14 278531 0
24 20 278600 1
19 17 278819 1
10 5 278850 0
21 18 278958 1
19 9 278984 1
20 21 279079 0
9 22 279116 0
21 10 279345 1
15 8 279413 0
20 8 279425 1
11 6 279513 0
21 22 279597 1
17 9 279647 0
14 13 279793 1
19 20 279804 0
2 15 279822 1
17 12 279824 1
15 22 279975 0
12 8 280046 0
19 32 280157 1
13 11 280407 0
9 23 280453 0
18 5 280588 1
18 19 280620 0
21 24 280657 1
10 13 280756 0
11 7 280940 0
18 11 280944 1
18 10 281134 1
22 21 281181 1
16 9 281227 0
17 10 281261 0
8 20 281283 0
11 23 281287 0
21 23 281299 1
19 8 281326 1
15 9 281380 0
18 9 281417 1
10 23 281417 0
12 12 281492 0
22 20 281526 1
17 15 281669 1
13 17 281685 0
17 6 281762 1
12 22 282087 1
15 14 282334 1
19 7 282334 1
13 16 282336 0
17 16 282345 1
9 15 282346 0
20 23 282351 1
24 23 282359 1
10 6 282360 0
12 17 282363 0
11 16 282432 0
16 18 282436 0
19 11 282469 1
9 16 282626 0
8 22 282710 0
18 7 282738 1
14 11 283060 0
8 21 283360 0
11 24 283414 0
12 7 283579 0
18 6 283610 1
25 6 283624 1
16 16 283624 1
9 9 283713 1
9 14 283789 0
13 14 283798 1
25 22 283841 1
22 22 283848 1
12 11 283848 0
18 8 283906 1
18 22 283987 0
16 8 284118 0
22 19 284144 1
17 11 284219 1
23 21 284473 1
10 21 284500 1
20 18 284634 1
10 15 284689 0
12 25 284740 0
10 24 284747 0
19 24 285426 1
12 24 285531 0
13 18 285607 0
11 17 285804 0
19 17 286045 1
19 19 286259 0
14 15 286325 1
21 18 286369 1
21 22 286547 1
11 13 286623 0
15 8 286765 0
19 16 286830 1
25 18 286924 1
11 25 286984 0
17 5 287067 1
17 18 287090 0
10 7 287153 0
11 22 287177 1
18 9 287578 1
8 15 287617 0
18 10 287819 1
29 22 287824 1
15 12 287868 1
13 15 287992 1
15 15 288003 1
19 21 288222 0
30 16 288289 1
13 24 288418 0
15 10 288530 0
22 20 288541 1
19 9 288643 1
17 19 288656 0
13 12 288733 0
19 20 289115 0
23 20 289117 1
15 7 289150 0
16 12 289235 1
9 6 289342 0
8 14 289407 0
22 21 289446 1
11 21 289476 1
14 13 289489 1
9 13 290118 0
17 21 290283 0
19 8 290340 1
8 13 290577 0
10 6 290861 0
20 17 291555 1
17 6 291558 1
14 10 291581 0
9 15 291676 0
18 30 291876 0
10 5 291929 0
15 9 292161 0
18 8 292762 1
18 30 292816 0
17 11 292996 1
20 20 293075 0
19 23 293217 1
13 10 293718 0
18 6 293911 1
22 19 294045 1
19 5 294311 1
9 22 294555 0
20 6 294902 1
23 19 295173 1
12 6 295657 0
23 9 295949 1
16 10 296043 0
18 30 296113 0
19 25 301968 1
